NAME_ID s	iID i	N.X d	N.Y d	N.Z d	D.X d	D.Y d	D.Z d	S.X d	S.Y d	S.Z d	NC.X d	NC.Y d	NC.Z d	DC.X d	DC.Y d	DC.Z d	SC.X d	SC.Y d	SC.Z d	LPITCH  d	LPITCHSENSE s	PITCHANGLE  d	MISFIT d	LINEATION s	OFFSET s	DEPTH d	GC s	COLOR s	LOC s	LOCX d	LOCY d	FORMATION s	DATATYPE s	DIPDIR d	DIP d	LDIR d	LDIP d	corr.DIPDIR d	corr.DIP d	corrL.DIPDIR d	corrL.DIP d	PALEON d	COMMENT s	DATAGROUP s	PSCOLOR s	DASHED s	ptnP.X d	ptnP.Y d	ptnP.Z d	ptnT.X d	ptnT.Y d	ptnT.Z d	ptnN.X d	ptnN.Y d	ptnN.Z d	avD.X d	avD.Y d	avD.Z d	avS0D.X d	avS0D.Y d	avS0D.Z d	avS0N.X d	avS0N.Y d	avS0N.Z d	avS0d.DIPDIR d	avS0d.DIP d	avd.DIPDIR d	avd.DIP d	avS0offset s	fold_great_circle_N.X d	fold_great_circle_N.Y d	fold_great_circle_N.Z d	SHEAR_S.X d	SHEAR_S.Y d	SHEAR_S.Z d	NORMAL_S.X d	NORMAL_S.Y d	NORMAL_S.Z d	UPSILON.X d	UPSILON.Y d	UPSILON.Z d	lambda d	ANG d	RUP d
BZ6004	0	-0.29004953	-0.79690454	-0.52991926	-0.18124306	-0.49796122	0.84804810	-0.93969262	0.34202014	0.00000000	NAN	NAN	NAN	NAN	NAN	NAN	NAN	NAN	NAN	NAN	NONE	NAN	NAN	NONE	OVERTURNED	NAN	XXX		230	488902.00000000	3953801.00000000	LOWERFARS	BEDDING	20.00000000	58.00000000	NAN	NAN	20.00000000	58.00000000	NAN	NAN	0.00000000	BEDDING	PLANE	0.00 0.00 0.00	   	NAN	NAN	NAN	NAN	NAN	NAN	NAN	NAN	NAN	-0.25302713	-0.43727062	0.86300155	-0.25302713	-0.43727062	0.86300155	0.43222933	0.74696016	0.50520128	30.05586825	59.65528554	30.05586825	59.65528554	OVERTURNED	NAN	NAN	NAN	NAN	NAN	NAN	NAN	NAN	NAN	NAN	NAN	NAN	NAN	NAN	NAN
BZ6005	1	-0.56754777	-0.67637710	-0.46947156	-0.30177050	-0.35963608	0.88294759	-0.76604444	0.64278761	0.00000000	NAN	NAN	NAN	NAN	NAN	NAN	NAN	NAN	NAN	NAN	NONE	NAN	NAN	NONE	OVERTURNED	NAN	XXX		230	488902.00000000	3953801.00000000	LOWERFARS	BEDDING	40.00000000	62.00000000	NAN	NAN	40.00000000	62.00000000	NAN	NAN	0.00000000	BEDDING	PLANE	0.00 0.00 0.00	   	NAN	NAN	NAN	NAN	NAN	NAN	NAN	NAN	NAN	-0.25302713	-0.43727062	0.86300155	-0.25302713	-0.43727062	0.86300155	0.43222933	0.74696016	0.50520128	30.05586825	59.65528554	30.05586825	59.65528554	OVERTURNED	NAN	NAN	NAN	NAN	NAN	NAN	NAN	NAN	NAN	NAN	NAN	NAN	NAN	NAN	NAN
BZ6006	2	-0.31343567	-0.81652784	-0.48480962	-0.17374023	-0.45260877	0.87461971	-0.93358043	0.35836795	-0.00000000	NAN	NAN	NAN	NAN	NAN	NAN	NAN	NAN	NAN	NAN	NONE	NAN	NAN	NONE	OVERTURNED	NAN	XXX		230	488902.00000000	3953801.00000000	LOWERFARS	BEDDING	21.00000000	61.00000000	NAN	NAN	21.00000000	61.00000000	NAN	NAN	0.00000000	BEDDING	PLANE	0.00 0.00 0.00	   	NAN	NAN	NAN	NAN	NAN	NAN	NAN	NAN	NAN	-0.25302713	-0.43727062	0.86300155	-0.25302713	-0.43727062	0.86300155	0.43222933	0.74696016	0.50520128	30.05586825	59.65528554	30.05586825	59.65528554	OVERTURNED	NAN	NAN	NAN	NAN	NAN	NAN	NAN	NAN	NAN	NAN	NAN	NAN	NAN	NAN	NAN
BZ6007	3	-0.53943286	-0.66614411	-0.51503807	-0.32412396	-0.40025976	0.85716730	-0.77714596	0.62932039	-0.00000000	NAN	NAN	NAN	NAN	NAN	NAN	NAN	NAN	NAN	NAN	NONE	NAN	NAN	NONE	OVERTURNED	NAN	XXX		230	488902.00000000	3953801.00000000	LOWERFARS	BEDDING	39.00000000	59.00000000	NAN	NAN	39.00000000	59.00000000	NAN	NAN	0.00000000	BEDDING	PLANE	0.00 0.00 0.00	   	NAN	NAN	NAN	NAN	NAN	NAN	NAN	NAN	NAN	-0.25302713	-0.43727062	0.86300155	-0.25302713	-0.43727062	0.86300155	0.43222933	0.74696016	0.50520128	30.05586825	59.65528554	30.05586825	59.65528554	OVERTURNED	NAN	NAN	NAN	NAN	NAN	NAN	NAN	NAN	NAN	NAN	NAN	NAN	NAN	NAN	NAN
