NAME_ID s	iID i	N.X d	N.Y d	N.Z d	D.X d	D.Y d	D.Z d	S.X d	S.Y d	S.Z d	NC.X d	NC.Y d	NC.Z d	DC.X d	DC.Y d	DC.Z d	SC.X d	SC.Y d	SC.Z d	LPITCH  d	LPITCHSENSE s	PITCHANGLE  d	MISFIT d	LINEATION s	OFFSET s	DEPTH d	GC s	COLOR s	LOC s	LOCX d	LOCY d	FORMATION s	DATATYPE s	DIPDIR d	DIP d	LDIR d	LDIP d	corr.DIPDIR d	corr.DIP d	corrL.DIPDIR d	corrL.DIP d	PALEON d	COMMENT s	DATAGROUP s	PSCOLOR s	DASHED s	ptnP.X d	ptnP.Y d	ptnP.Z d	ptnT.X d	ptnT.Y d	ptnT.Z d	ptnN.X d	ptnN.Y d	ptnN.Z d	avD.X d	avD.Y d	avD.Z d	avS0D.X d	avS0D.Y d	avS0D.Z d	avS0N.X d	avS0N.Y d	avS0N.Z d	avS0d.DIPDIR d	avS0d.DIP d	avd.DIPDIR d	avd.DIP d	avS0offset s	fold_great_circle_N.X d	fold_great_circle_N.Y d	fold_great_circle_N.Z d	SHEAR_S.X d	SHEAR_S.Y d	SHEAR_S.Z d	NORMAL_S.X d	NORMAL_S.Y d	NORMAL_S.Z d	UPSILON.X d	UPSILON.Y d	UPSILON.Z d	lambda d	ANG d	RUP d
BZ6004	0	0.11040174	-0.10486186	0.98833974	0.71660989	-0.68065095	-0.15226475	0.68868115	0.72506432	0.00000000	NAN	NAN	NAN	NAN	NAN	NAN	NAN	NAN	NAN	NAN	NONE	NAN	NAN	NONE	NORMAL	NAN	XXX		230	488902.00000000	3953801.00000000	LOWERFARS	BEDDING	20.00000000	58.00000000	NAN	NAN	133.52580107	8.75819483	NAN	NAN	0.00000000	BEDDING	PLANE	0.00 0.00 0.00	   	NAN	NAN	NAN	NAN	NAN	NAN	NAN	NAN	NAN	-0.62694825	0.77906078	-0.00044721	-0.62694825	0.77906078	-0.00044721	-0.00028038	0.00034841	0.99999990	321.17466834	0.02562345	321.17466834	0.02562345	NORMAL	NAN	NAN	NAN	NAN	NAN	NAN	NAN	NAN	NAN	NAN	NAN	NAN	NAN	NAN	NAN
BZ6005	1	-0.11483827	0.10597602	0.98771517	-0.72586638	0.66985018	-0.15626498	-0.67818152	-0.73489443	0.00000000	NAN	NAN	NAN	NAN	NAN	NAN	NAN	NAN	NAN	NAN	NONE	NAN	NAN	NONE	NORMAL	NAN	XXX		230	488902.00000000	3953801.00000000	LOWERFARS	BEDDING	40.00000000	62.00000000	NAN	NAN	312.70170369	8.99016855	NAN	NAN	0.00000000	BEDDING	PLANE	0.00 0.00 0.00	   	NAN	NAN	NAN	NAN	NAN	NAN	NAN	NAN	NAN	-0.62694825	0.77906078	-0.00044721	-0.62694825	0.77906078	-0.00044721	-0.00028038	0.00034841	0.99999990	321.17466834	0.02562345	321.17466834	0.02562345	NORMAL	NAN	NAN	NAN	NAN	NAN	NAN	NAN	NAN	NAN	NAN	NAN	NAN	NAN	NAN	NAN
BZ6006	2	0.12814754	-0.05340270	0.99031629	0.91411813	-0.38093886	-0.13882954	0.38466383	0.92305674	0.00000000	NAN	NAN	NAN	NAN	NAN	NAN	NAN	NAN	NAN	NAN	NONE	NAN	NAN	NONE	NORMAL	NAN	XXX		230	488902.00000000	3953801.00000000	LOWERFARS	BEDDING	21.00000000	61.00000000	NAN	NAN	112.62287184	7.98012235	NAN	NAN	0.00000000	BEDDING	PLANE	0.00 0.00 0.00	   	NAN	NAN	NAN	NAN	NAN	NAN	NAN	NAN	NAN	-0.62694825	0.77906078	-0.00044721	-0.62694825	0.77906078	-0.00044721	-0.00028038	0.00034841	0.99999990	321.17466834	0.02562345	321.17466834	0.02562345	NORMAL	NAN	NAN	NAN	NAN	NAN	NAN	NAN	NAN	NAN	NAN	NAN	NAN	NAN	NAN	NAN
BZ6007	3	-0.12371101	0.05228854	0.99093970	-0.91275729	0.38579221	-0.13430750	-0.38931956	-0.92110275	0.00000000	NAN	NAN	NAN	NAN	NAN	NAN	NAN	NAN	NAN	NAN	NONE	NAN	NAN	NONE	NORMAL	NAN	XXX		230	488902.00000000	3953801.00000000	LOWERFARS	BEDDING	39.00000000	59.00000000	NAN	NAN	292.91216730	7.71857804	NAN	NAN	0.00000000	BEDDING	PLANE	0.00 0.00 0.00	   	NAN	NAN	NAN	NAN	NAN	NAN	NAN	NAN	NAN	-0.62694825	0.77906078	-0.00044721	-0.62694825	0.77906078	-0.00044721	-0.00028038	0.00034841	0.99999990	321.17466834	0.02562345	321.17466834	0.02562345	NORMAL	NAN	NAN	NAN	NAN	NAN	NAN	NAN	NAN	NAN	NAN	NAN	NAN	NAN	NAN	NAN
