NAME_ID s	iID i	N.X d	N.Y d	N.Z d	D.X d	D.Y d	D.Z d	S.X d	S.Y d	S.Z d	NC.X d	NC.Y d	NC.Z d	DC.X d	DC.Y d	DC.Z d	SC.X d	SC.Y d	SC.Z d	LPITCH  d	LPITCHSENSE s	PITCHANGLE  d	MISFIT d	LINEATION s	OFFSET s	DEPTH d	GC s	COLOR s	LOC s	LOCX d	LOCY d	FORMATION s	DATATYPE s	DIPDIR d	DIP d	LDIR d	LDIP d	corr.DIPDIR d	corr.DIP d	corrL.DIPDIR d	corrL.DIP d	PALEON d	COMMENT s	DATAGROUP s	PSCOLOR s	DASHED s	ptnP.X d	ptnP.Y d	ptnP.Z d	ptnT.X d	ptnT.Y d	ptnT.Z d	ptnN.X d	ptnN.Y d	ptnN.Z d	ptnPd.DIPDIR d	ptnPd.DIP d	ptnTd.DIPDIR d	ptnTd.DIP d	ptnNd.DIPDIR d	ptnNd.DIP d	avD.X d	avD.Y d	avD.Z d	avS0D.X d	avS0D.Y d	avS0D.Z d	avS0N.X d	avS0N.Y d	avS0N.Z d	avS0d.DIPDIR d	avS0d.DIP d	avd.DIPDIR d	avd.DIP d	avS0offset s	fold_great_circle_N.X d	fold_great_circle_N.Y d	fold_great_circle_N.Z d	SHEAR_S.X d	SHEAR_S.Y d	SHEAR_S.Z d	NORMAL_S.X d	NORMAL_S.Y d	NORMAL_S.Z d	UPSILON.X d	UPSILON.Y d	UPSILON.Z d	lambda d	ANG d	RUP d
GRP_001	0	-0.48697807	0.81046761	0.32556815	-0.16768000	0.27906638	-0.94551858	-0.85716730	-0.51503808	0.00000000	NAN	NAN	NAN	NAN	NAN	NAN	NAN	NAN	NAN	NAN	NONE	NAN	NAN	NONE	NONE	NAN	BXX	A	ANG001	0.00000000	0.00000000	GULNERI	BEDDING	329.00000000	71.00000000	NAN	NAN	329.00000000	71.00000000	NAN	NAN	0.00000000		PLANE	0.00 0.00 0.00	   	NAN	NAN	NAN	NAN	NAN	NAN	NAN	NAN	NAN	NAN	NAN	NAN	NAN	NAN	NAN	-0.16768000	0.27906638	-0.94551858	-0.16768000	0.27906638	-0.94551858	-0.48697807	0.81046761	0.32556815	328.99999999	71.00000000	328.99999999	71.00000000		NAN	NAN	NAN	NAN	NAN	NAN	NAN	NAN	NAN	NAN	NAN	NAN	NAN	NAN	NAN
GRP_002	1	-0.64085638	0.64085638	0.42261826	-0.29883624	0.29883624	-0.90630779	-0.70710678	-0.70710678	0.00000000	NAN	NAN	NAN	NAN	NAN	NAN	NAN	NAN	NAN	NAN	NONE	NAN	NAN	NONE	NONE	NAN	CXX	A	ANG001	0.00000000	0.00000000	GULNERI	BEDDING	315.00000000	65.00000000	NAN	NAN	315.00000000	65.00000000	NAN	NAN	0.00000000		PLANE	0.00 0.00 0.00	   	NAN	NAN	NAN	NAN	NAN	NAN	NAN	NAN	NAN	NAN	NAN	NAN	NAN	NAN	NAN	-0.29883624	0.29883624	-0.90630779	-0.29883624	0.29883624	-0.90630779	-0.64085638	0.64085638	0.42261826	314.99999999	65.00000000	314.99999999	65.00000000		NAN	NAN	NAN	NAN	NAN	NAN	NAN	NAN	NAN	NAN	NAN	NAN	NAN	NAN	NAN
GRP_003	2	-0.69832771	0.62877709	0.34202014	-0.25417050	0.22885615	-0.93969262	-0.66913061	-0.74314483	0.00000000	NAN	NAN	NAN	NAN	NAN	NAN	NAN	NAN	NAN	NAN	NONE	NAN	NAN	NONE	NONE	NAN	AXX	A	ANG001	0.00000000	0.00000000	GULNERI	FRACTURE	312.00000000	70.00000000	NAN	NAN	312.00000000	70.00000000	NAN	NAN	0.00000000		PLANE	0.00 0.00 0.00	   	NAN	NAN	NAN	NAN	NAN	NAN	NAN	NAN	NAN	NAN	NAN	NAN	NAN	NAN	NAN	-0.25417050	0.22885615	-0.93969262	NAN	NAN	NAN	NAN	NAN	NAN	NAN	NAN	311.99999999	70.00000000		NAN	NAN	NAN	NAN	NAN	NAN	NAN	NAN	NAN	NAN	NAN	NAN	NAN	NAN	NAN
GRP_004	3	-0.60766499	0.65164092	0.45399050	-0.30962078	0.33202763	-0.89100652	-0.73135370	-0.68199836	0.00000000	NAN	NAN	NAN	NAN	NAN	NAN	NAN	NAN	NAN	NAN	NONE	NAN	NAN	NONE	NONE	NAN	BXX	A	ANG001	0.00000000	0.00000000	GULNERI	FRACTURE	317.00000000	63.00000000	NAN	NAN	317.00000000	63.00000000	NAN	NAN	0.00000000		PLANE	0.00 0.00 0.00	   	NAN	NAN	NAN	NAN	NAN	NAN	NAN	NAN	NAN	NAN	NAN	NAN	NAN	NAN	NAN	-0.30962078	0.33202763	-0.89100652	NAN	NAN	NAN	NAN	NAN	NAN	NAN	NAN	316.99999999	63.00000000		NAN	NAN	NAN	NAN	NAN	NAN	NAN	NAN	NAN	NAN	NAN	NAN	NAN	NAN	NAN
GRP_005	4	0.65194326	-0.62957429	0.42261826	0.30400614	-0.29357531	-0.90630779	0.69465837	0.71933980	0.00000000	NAN	NAN	NAN	NAN	NAN	NAN	NAN	NAN	NAN	NAN	NONE	NAN	NAN	NONE	NONE	NAN	CXX	A	ANG001	0.00000000	0.00000000	GULNERI	FRACTURE	134.00000000	65.00000000	NAN	NAN	134.00000000	65.00000000	NAN	NAN	0.00000000		PLANE	0.00 0.00 0.00	   	NAN	NAN	NAN	NAN	NAN	NAN	NAN	NAN	NAN	NAN	NAN	NAN	NAN	NAN	NAN	0.30400614	-0.29357531	-0.90630779	NAN	NAN	NAN	NAN	NAN	NAN	NAN	NAN	133.99999999	65.00000000		NAN	NAN	NAN	NAN	NAN	NAN	NAN	NAN	NAN	NAN	NAN	NAN	NAN	NAN	NAN
GRP_006	5	0.28006451	-0.86194993	0.42261826	0.13059623	-0.40193385	-0.90630779	0.95105652	0.30901699	0.00000000	NAN	NAN	NAN	NAN	NAN	NAN	NAN	NAN	NAN	NAN	NONE	NAN	NAN	NONE	NONE	NAN	ACX	B	ANG001	0.00000000	0.00000000	GULNERI	S1	162.00000000	65.00000000	NAN	NAN	162.00000000	65.00000000	NAN	NAN	0.00000000		PLANE	1.00 0.00 0.67	   	NAN	NAN	NAN	NAN	NAN	NAN	NAN	NAN	NAN	NAN	NAN	NAN	NAN	NAN	NAN	0.14733714	-0.35427626	-0.92346094	NAN	NAN	NAN	NAN	NAN	NAN	NAN	NAN	157.41845000	67.43740992		NAN	NAN	NAN	NAN	NAN	NAN	NAN	NAN	NAN	NAN	NAN	NAN	NAN	NAN	NAN
GRP_007	6	0.42661152	-0.83727226	0.34202014	0.15527390	-0.30474218	-0.93969262	0.89100652	0.45399050	0.00000000	NAN	NAN	NAN	NAN	NAN	NAN	NAN	NAN	NAN	NAN	NONE	NAN	NAN	NONE	NONE	NAN	AAX	B	ANG001	0.00000000	0.00000000	GULNERI	S1	153.00000000	70.00000000	NAN	NAN	153.00000000	70.00000000	NAN	NAN	0.00000000		PLANE	0.00 0.00 0.00	   	NAN	NAN	NAN	NAN	NAN	NAN	NAN	NAN	NAN	NAN	NAN	NAN	NAN	NAN	NAN	0.14733714	-0.35427626	-0.92346094	NAN	NAN	NAN	NAN	NAN	NAN	NAN	NAN	157.41845000	67.43740992		NAN	NAN	NAN	NAN	NAN	NAN	NAN	NAN	NAN	NAN	NAN	NAN	NAN	NAN	NAN
GRP_008	7	-0.60756190	0.62914877	0.48480962	-0.33677706	0.34874286	-0.87461971	-0.71933980	-0.69465837	0.00000000	NAN	NAN	NAN	NAN	NAN	NAN	NAN	NAN	NAN	NAN	NONE	NAN	NAN	NONE	NONE	NAN	BCX	B	ANG001	0.00000000	0.00000000	GULNERI	S1	316.00000000	61.00000000	NAN	NAN	316.00000000	61.00000000	NAN	NAN	0.00000000		PLANE	1.00 0.00 0.67	   	NAN	NAN	NAN	NAN	NAN	NAN	NAN	NAN	NAN	NAN	NAN	NAN	NAN	NAN	NAN	-0.20773674	0.33957159	-0.91735303	NAN	NAN	NAN	NAN	NAN	NAN	NAN	NAN	328.54332072	66.54213017		NAN	NAN	NAN	NAN	NAN	NAN	NAN	NAN	NAN	NAN	NAN	NAN	NAN	NAN	NAN
GRP_009	8	-0.32707549	0.89863252	0.29237170	-0.09999701	0.27473953	-0.95630476	-0.93969262	-0.34202014	0.00000000	NAN	NAN	NAN	NAN	NAN	NAN	NAN	NAN	NAN	NAN	NONE	NAN	NAN	NONE	NONE	NAN	BAX	B	ANG001	0.00000000	0.00000000	GULNERI	S1	340.00000000	73.00000000	NAN	NAN	340.00000000	73.00000000	NAN	NAN	0.00000000		PLANE	0.00 0.00 0.00	   	NAN	NAN	NAN	NAN	NAN	NAN	NAN	NAN	NAN	NAN	NAN	NAN	NAN	NAN	NAN	-0.20773674	0.33957159	-0.91735303	NAN	NAN	NAN	NAN	NAN	NAN	NAN	NAN	328.54332072	66.54213017		NAN	NAN	NAN	NAN	NAN	NAN	NAN	NAN	NAN	NAN	NAN	NAN	NAN	NAN	NAN
GRP_010	9	-0.29389263	0.90450850	0.30901699	-0.09549150	0.29389263	-0.95105652	-0.95105652	-0.30901699	0.00000000	NAN	NAN	NAN	NAN	NAN	NAN	NAN	NAN	NAN	NAN	NONE	NAN	NAN	NONE	NONE	NAN	BCX	C	ANG001	0.00000000	0.00000000	GULNERI	S2	342.00000000	72.00000000	NAN	NAN	342.00000000	72.00000000	NAN	NAN	0.00000000		PLANE	1.00 0.00 0.67	   	NAN	NAN	NAN	NAN	NAN	NAN	NAN	NAN	NAN	NAN	NAN	NAN	NAN	NAN	NAN	-0.08996902	0.17115639	-0.98112745	NAN	NAN	NAN	NAN	NAN	NAN	NAN	NAN	332.27116476	78.85093736		NAN	NAN	NAN	NAN	NAN	NAN	NAN	NAN	NAN	NAN	NAN	NAN	NAN	NAN	NAN
GRP_011	10	-0.60034903	0.79669007	0.06975647	-0.04198049	0.05571000	-0.99756405	-0.79863551	-0.60181502	0.00000000	NAN	NAN	NAN	NAN	NAN	NAN	NAN	NAN	NAN	NAN	NONE	NAN	NAN	NONE	NONE	NAN	BAX	C	ANG001	0.00000000	0.00000000	GULNERI	S2	323.00000000	86.00000000	NAN	NAN	323.00000000	86.00000000	NAN	NAN	0.00000000		PLANE	0.00 0.00 0.00	   	NAN	NAN	NAN	NAN	NAN	NAN	NAN	NAN	NAN	NAN	NAN	NAN	NAN	NAN	NAN	-0.08996902	0.17115639	-0.98112745	NAN	NAN	NAN	NAN	NAN	NAN	NAN	NAN	332.27116476	78.85093736		NAN	NAN	NAN	NAN	NAN	NAN	NAN	NAN	NAN	NAN	NAN	NAN	NAN	NAN	NAN
GRP_012	11	-0.48063085	0.83247705	0.27563736	-0.13781868	0.23870895	-0.96126170	-0.86602540	-0.50000000	0.00000000	NAN	NAN	NAN	NAN	NAN	NAN	NAN	NAN	NAN	NAN	NONE	NAN	NAN	NONE	NONE	NAN	CCX	C	ANG001	0.00000000	0.00000000	GULNERI	S2	330.00000000	74.00000000	NAN	NAN	330.00000000	74.00000000	NAN	NAN	0.00000000		PLANE	1.00 0.00 0.67	   	NAN	NAN	NAN	NAN	NAN	NAN	NAN	NAN	NAN	NAN	NAN	NAN	NAN	NAN	NAN	-0.14999048	0.20237374	-0.96775396	NAN	NAN	NAN	NAN	NAN	NAN	NAN	NAN	323.45579127	75.41018402		NAN	NAN	NAN	NAN	NAN	NAN	NAN	NAN	NAN	NAN	NAN	NAN	NAN	NAN	NAN
GRP_013	12	-0.66451879	0.71260915	0.22495105	-0.15341625	0.16451879	-0.97437006	-0.73135370	-0.68199836	0.00000000	NAN	NAN	NAN	NAN	NAN	NAN	NAN	NAN	NAN	NAN	NONE	NAN	NAN	NONE	NONE	NAN	CAX	C	ANG001	0.00000000	0.00000000	GULNERI	S2	317.00000000	77.00000000	NAN	NAN	317.00000000	77.00000000	NAN	NAN	0.00000000		PLANE	0.00 0.00 0.00	   	NAN	NAN	NAN	NAN	NAN	NAN	NAN	NAN	NAN	NAN	NAN	NAN	NAN	NAN	NAN	-0.14999048	0.20237374	-0.96775396	NAN	NAN	NAN	NAN	NAN	NAN	NAN	NAN	323.45579127	75.41018402		NAN	NAN	NAN	NAN	NAN	NAN	NAN	NAN	NAN	NAN	NAN	NAN	NAN	NAN	NAN
GRP_014	13	-0.51983679	0.74240388	0.42261826	-0.24240388	0.34618861	-0.90630779	-0.81915204	-0.57357644	0.00000000	NAN	NAN	NAN	NAN	NAN	NAN	NAN	NAN	NAN	NAN	NONE	NAN	NAN	NONE	NONE	NAN	DCX	C	ANG001	0.00000000	0.00000000	GULNERI	S3	325.00000000	65.00000000	NAN	NAN	325.00000000	65.00000000	NAN	NAN	0.00000000		PLANE	1.00 0.00 0.67	   	NAN	NAN	NAN	NAN	NAN	NAN	NAN	NAN	NAN	NAN	NAN	NAN	NAN	NAN	NAN	-0.95487843	-0.05669716	-0.29153493	NAN	NAN	NAN	NAN	NAN	NAN	NAN	NAN	266.60197760	16.94987220		NAN	NAN	NAN	NAN	NAN	NAN	NAN	NAN	NAN	NAN	NAN	NAN	NAN	NAN	NAN
GRP_015	14	0.20395219	-0.76115994	0.61566148	0.15934492	-0.59468332	-0.78801075	0.96592583	0.25881905	0.00000000	NAN	NAN	NAN	NAN	NAN	NAN	NAN	NAN	NAN	NAN	NONE	NAN	NAN	NONE	NONE	NAN	DAX	D	ANG001	0.00000000	0.00000000	GULNERI	S3	165.00000000	52.00000000	NAN	NAN	165.00000000	52.00000000	NAN	NAN	0.00000000		PLANE	0.00 0.00 0.00	   	NAN	NAN	NAN	NAN	NAN	NAN	NAN	NAN	NAN	NAN	NAN	NAN	NAN	NAN	NAN	-0.95487843	-0.05669716	-0.29153493	NAN	NAN	NAN	NAN	NAN	NAN	NAN	NAN	266.60197760	16.94987220		NAN	NAN	NAN	NAN	NAN	NAN	NAN	NAN	NAN	NAN	NAN	NAN	NAN	NAN	NAN
GRP_016	15	-0.77418869	0.62692564	0.08715574	-0.06773273	0.05484889	-0.99619470	-0.62932039	-0.77714596	0.00000000	NAN	NAN	NAN	NAN	NAN	NAN	NAN	NAN	NAN	NAN	NONE	NAN	NAN	NONE	NONE	NAN	ECX	D	ANG001	0.00000000	0.00000000	GULNERI	S3	309.00000000	85.00000000	NAN	NAN	309.00000000	85.00000000	NAN	NAN	0.00000000		PLANE	1.00 0.00 0.67	   	NAN	NAN	NAN	NAN	NAN	NAN	NAN	NAN	NAN	NAN	NAN	NAN	NAN	NAN	NAN	-0.15824138	0.13496398	-0.97813311	NAN	NAN	NAN	NAN	NAN	NAN	NAN	NAN	310.46084305	77.99600852		NAN	NAN	NAN	NAN	NAN	NAN	NAN	NAN	NAN	NAN	NAN	NAN	NAN	NAN	NAN
GRP_017	16	-0.70265724	0.63267542	0.32556815	-0.24194429	0.21784762	-0.94551858	-0.66913061	-0.74314483	0.00000000	NAN	NAN	NAN	NAN	NAN	NAN	NAN	NAN	NAN	NAN	NONE	NAN	NAN	NONE	NONE	NAN	EAX	D	ANG001	0.00000000	0.00000000	GULNERI	S3	312.00000000	71.00000000	NAN	NAN	312.00000000	71.00000000	NAN	NAN	0.00000000		PLANE	0.00 0.00 0.00	   	NAN	NAN	NAN	NAN	NAN	NAN	NAN	NAN	NAN	NAN	NAN	NAN	NAN	NAN	NAN	-0.15824138	0.13496398	-0.97813311	NAN	NAN	NAN	NAN	NAN	NAN	NAN	NAN	310.46084305	77.99600852		NAN	NAN	NAN	NAN	NAN	NAN	NAN	NAN	NAN	NAN	NAN	NAN	NAN	NAN	NAN
GRP_018	17	-0.45890229	0.76374166	0.45399050	-0.23382239	0.38914581	-0.89100652	-0.85716730	-0.51503808	0.00000000	NAN	NAN	NAN	NAN	NAN	NAN	NAN	NAN	NAN	NAN	NONE	NAN	NAN	NONE	NONE	NAN	BXX	D	ANG002	0.00000000	0.00000000	GULNERI	BEDDING	329.00000000	63.00000000	NAN	NAN	329.00000000	63.00000000	NAN	NAN	0.00000000		PLANE	0.00 0.00 0.00	   	NAN	NAN	NAN	NAN	NAN	NAN	NAN	NAN	NAN	NAN	NAN	NAN	NAN	NAN	NAN	-0.23382239	0.38914581	-0.89100652	-0.23382239	0.38914581	-0.89100652	-0.45890229	0.76374166	0.45399050	328.99999999	63.00000000	328.99999999	63.00000000		NAN	NAN	NAN	NAN	NAN	NAN	NAN	NAN	NAN	NAN	NAN	NAN	NAN	NAN	NAN
GRP_019	18	-0.55636961	0.64003002	0.52991926	-0.34765832	0.39993515	-0.84804810	-0.75470958	-0.65605903	0.00000000	NAN	NAN	NAN	NAN	NAN	NAN	NAN	NAN	NAN	NAN	NONE	NAN	NAN	NONE	NONE	NAN	CXX	D	ANG002	0.00000000	0.00000000	GULNERI	BEDDING	319.00000000	58.00000000	NAN	NAN	319.00000000	58.00000000	NAN	NAN	0.00000000		PLANE	0.00 0.00 0.00	   	NAN	NAN	NAN	NAN	NAN	NAN	NAN	NAN	NAN	NAN	NAN	NAN	NAN	NAN	NAN	-0.34765832	0.39993515	-0.84804810	-0.34765832	0.39993515	-0.84804810	-0.55636961	0.64003002	0.52991926	318.99999999	58.00000000	318.99999999	58.00000000		NAN	NAN	NAN	NAN	NAN	NAN	NAN	NAN	NAN	NAN	NAN	NAN	NAN	NAN	NAN
GRP_020	19	-0.57197195	0.61336482	0.54463904	-0.37144293	0.39832377	-0.83867057	-0.73135370	-0.68199836	0.00000000	NAN	NAN	NAN	NAN	NAN	NAN	NAN	NAN	NAN	NAN	NONE	NAN	NAN	NONE	NONE	NAN	AXX	E	ANG002	0.00000000	0.00000000	GULNERI	FRACTURE	317.00000000	57.00000000	NAN	NAN	317.00000000	57.00000000	NAN	NAN	0.00000000		PLANE	0.00 0.00 0.00	   	NAN	NAN	NAN	NAN	NAN	NAN	NAN	NAN	NAN	NAN	NAN	NAN	NAN	NAN	NAN	-0.37144293	0.39832377	-0.83867057	NAN	NAN	NAN	NAN	NAN	NAN	NAN	NAN	316.99999999	57.00000000		NAN	NAN	NAN	NAN	NAN	NAN	NAN	NAN	NAN	NAN	NAN	NAN	NAN	NAN	NAN
GRP_021	20	0.08665802	-0.82449602	0.55919290	0.05845157	-0.55612959	-0.82903757	0.99452190	0.10452846	0.00000000	NAN	NAN	NAN	NAN	NAN	NAN	NAN	NAN	NAN	NAN	NONE	NAN	NAN	NONE	NONE	NAN	BXX	E	ANG002	0.00000000	0.00000000	GULNERI	FRACTURE	174.00000000	56.00000000	NAN	NAN	174.00000000	56.00000000	NAN	NAN	0.00000000		PLANE	0.00 0.00 0.00	   	NAN	NAN	NAN	NAN	NAN	NAN	NAN	NAN	NAN	NAN	NAN	NAN	NAN	NAN	NAN	0.05845157	-0.55612959	-0.82903757	NAN	NAN	NAN	NAN	NAN	NAN	NAN	NAN	173.99999999	56.00000000		NAN	NAN	NAN	NAN	NAN	NAN	NAN	NAN	NAN	NAN	NAN	NAN	NAN	NAN	NAN
GRP_022	21	-0.42170662	0.48511797	0.76604444	-0.50257037	0.57814108	-0.64278761	-0.75470958	-0.65605903	0.00000000	NAN	NAN	NAN	NAN	NAN	NAN	NAN	NAN	NAN	NAN	NONE	NAN	NAN	NONE	NONE	NAN	CXX	E	ANG002	0.00000000	0.00000000	GULNERI	FRACTURE	319.00000000	40.00000000	NAN	NAN	319.00000000	40.00000000	NAN	NAN	0.00000000		PLANE	0.00 0.00 0.00	   	NAN	NAN	NAN	NAN	NAN	NAN	NAN	NAN	NAN	NAN	NAN	NAN	NAN	NAN	NAN	-0.50257037	0.57814108	-0.64278761	NAN	NAN	NAN	NAN	NAN	NAN	NAN	NAN	318.99999999	40.00000000		NAN	NAN	NAN	NAN	NAN	NAN	NAN	NAN	NAN	NAN	NAN	NAN	NAN	NAN	NAN
GRP_023	22	0.27850420	-0.72552826	0.62932039	0.22552826	-0.58752120	-0.77714596	0.93358043	0.35836795	0.00000000	NAN	NAN	NAN	NAN	NAN	NAN	NAN	NAN	NAN	NAN	NONE	NAN	NAN	NONE	NONE	NAN	ACX	E	ANG002	0.00000000	0.00000000	GULNERI	S1	159.00000000	51.00000000	NAN	NAN	159.00000000	51.00000000	NAN	NAN	0.00000000		PLANE	1.00 0.00 0.67	   	NAN	NAN	NAN	NAN	NAN	NAN	NAN	NAN	NAN	NAN	NAN	NAN	NAN	NAN	NAN	0.22866228	-0.71400712	-0.66174572	NAN	NAN	NAN	NAN	NAN	NAN	NAN	NAN	162.24222696	41.43314739		NAN	NAN	NAN	NAN	NAN	NAN	NAN	NAN	NAN	NAN	NAN	NAN	NAN	NAN	NAN
GRP_024	23	0.11920590	-0.51633747	0.84804810	0.19076931	-0.82631268	-0.52991926	0.97437006	0.22495105	0.00000000	NAN	NAN	NAN	NAN	NAN	NAN	NAN	NAN	NAN	NAN	NONE	NAN	NAN	NONE	NONE	NAN	AAX	E	ANG002	0.00000000	0.00000000	GULNERI	S1	167.00000000	32.00000000	NAN	NAN	167.00000000	32.00000000	NAN	NAN	0.00000000		PLANE	0.00 0.00 0.00	   	NAN	NAN	NAN	NAN	NAN	NAN	NAN	NAN	NAN	NAN	NAN	NAN	NAN	NAN	NAN	0.22866228	-0.71400712	-0.66174572	NAN	NAN	NAN	NAN	NAN	NAN	NAN	NAN	162.24222696	41.43314739		NAN	NAN	NAN	NAN	NAN	NAN	NAN	NAN	NAN	NAN	NAN	NAN	NAN	NAN	NAN
GRP_025	24	-0.49808060	0.63751409	0.58778525	-0.36187674	0.46318110	-0.80901699	-0.78801075	-0.61566148	0.00000000	NAN	NAN	NAN	NAN	NAN	NAN	NAN	NAN	NAN	NAN	NONE	NAN	NAN	NONE	NONE	NAN	BCX	F	ANG002	0.00000000	0.00000000	GULNERI	S1	322.00000000	54.00000000	NAN	NAN	322.00000000	54.00000000	NAN	NAN	0.00000000		PLANE	1.00 0.00 0.67	   	NAN	NAN	NAN	NAN	NAN	NAN	NAN	NAN	NAN	NAN	NAN	NAN	NAN	NAN	NAN	-0.15447351	-0.97578248	-0.15487573	NAN	NAN	NAN	NAN	NAN	NAN	NAN	NAN	188.99568939	8.90958926		NAN	NAN	NAN	NAN	NAN	NAN	NAN	NAN	NAN	NAN	NAN	NAN	NAN	NAN	NAN
GRP_026	25	0.47409505	-0.78902666	0.39073113	0.20124141	-0.33492195	-0.92050485	0.85716730	0.51503807	0.00000000	NAN	NAN	NAN	NAN	NAN	NAN	NAN	NAN	NAN	NAN	NONE	NAN	NAN	NONE	NONE	NAN	BAX	F	ANG002	0.00000000	0.00000000	GULNERI	S1	149.00000000	67.00000000	NAN	NAN	149.00000000	67.00000000	NAN	NAN	0.00000000		PLANE	0.00 0.00 0.00	   	NAN	NAN	NAN	NAN	NAN	NAN	NAN	NAN	NAN	NAN	NAN	NAN	NAN	NAN	NAN	-0.15447351	-0.97578248	-0.15487573	NAN	NAN	NAN	NAN	NAN	NAN	NAN	NAN	188.99568939	8.90958926		NAN	NAN	NAN	NAN	NAN	NAN	NAN	NAN	NAN	NAN	NAN	NAN	NAN	NAN	NAN
GRP_027	26	-0.61810042	0.66283155	0.42261826	-0.28822496	0.30908343	-0.90630779	-0.73135370	-0.68199836	0.00000000	NAN	NAN	NAN	NAN	NAN	NAN	NAN	NAN	NAN	NAN	NONE	NAN	NAN	NONE	NONE	NAN	BCX	F	ANG002	0.00000000	0.00000000	GULNERI	S2	317.00000000	65.00000000	NAN	NAN	317.00000000	65.00000000	NAN	NAN	0.00000000		PLANE	1.00 0.00 0.67	   	NAN	NAN	NAN	NAN	NAN	NAN	NAN	NAN	NAN	NAN	NAN	NAN	NAN	NAN	NAN	-0.48174921	-0.75110478	-0.45139707	NAN	NAN	NAN	NAN	NAN	NAN	NAN	NAN	212.67560458	26.83335396		NAN	NAN	NAN	NAN	NAN	NAN	NAN	NAN	NAN	NAN	NAN	NAN	NAN	NAN	NAN
GRP_028	27	0.48362865	-0.87248918	0.06975647	0.03381861	-0.06101039	-0.99756405	0.87461971	0.48480962	0.00000000	NAN	NAN	NAN	NAN	NAN	NAN	NAN	NAN	NAN	NAN	NONE	NAN	NAN	NONE	NONE	NAN	BAX	F	ANG002	0.00000000	0.00000000	GULNERI	S2	151.00000000	86.00000000	NAN	NAN	151.00000000	86.00000000	NAN	NAN	0.00000000		PLANE	0.00 0.00 0.00	   	NAN	NAN	NAN	NAN	NAN	NAN	NAN	NAN	NAN	NAN	NAN	NAN	NAN	NAN	NAN	-0.48174921	-0.75110478	-0.45139707	NAN	NAN	NAN	NAN	NAN	NAN	NAN	NAN	212.67560458	26.83335396		NAN	NAN	NAN	NAN	NAN	NAN	NAN	NAN	NAN	NAN	NAN	NAN	NAN	NAN	NAN
GRP_029	28	-0.65557890	0.70302230	0.27563736	-0.18798422	0.20158840	-0.96126170	-0.73135370	-0.68199836	0.00000000	NAN	NAN	NAN	NAN	NAN	NAN	NAN	NAN	NAN	NAN	NONE	NAN	NAN	NONE	NONE	NAN	CCX	F	ANG002	0.00000000	0.00000000	GULNERI	S2	317.00000000	74.00000000	NAN	NAN	317.00000000	74.00000000	NAN	NAN	0.00000000		PLANE	1.00 0.00 0.67	   	NAN	NAN	NAN	NAN	NAN	NAN	NAN	NAN	NAN	NAN	NAN	NAN	NAN	NAN	NAN	-0.24835361	0.20195846	-0.94738232	NAN	NAN	NAN	NAN	NAN	NAN	NAN	NAN	309.11763525	71.33077007		NAN	NAN	NAN	NAN	NAN	NAN	NAN	NAN	NAN	NAN	NAN	NAN	NAN	NAN	NAN
GRP_030	29	-0.80023461	0.48082947	0.35836795	-0.30718129	0.18457314	-0.93358043	-0.51503807	-0.85716730	0.00000000	NAN	NAN	NAN	NAN	NAN	NAN	NAN	NAN	NAN	NAN	NONE	NAN	NAN	NONE	NONE	NAN	CAX	G	ANG002	0.00000000	0.00000000	GULNERI	S2	301.00000000	69.00000000	NAN	NAN	301.00000000	69.00000000	NAN	NAN	0.00000000		PLANE	0.00 0.00 0.00	   	NAN	NAN	NAN	NAN	NAN	NAN	NAN	NAN	NAN	NAN	NAN	NAN	NAN	NAN	NAN	-0.24835361	0.20195846	-0.94738232	NAN	NAN	NAN	NAN	NAN	NAN	NAN	NAN	309.11763525	71.33077007		NAN	NAN	NAN	NAN	NAN	NAN	NAN	NAN	NAN	NAN	NAN	NAN	NAN	NAN	NAN
GRP_031	30	0.67351794	-0.60643828	0.42261826	0.31406657	-0.28278681	-0.90630779	0.66913061	0.74314483	0.00000000	NAN	NAN	NAN	NAN	NAN	NAN	NAN	NAN	NAN	NAN	NONE	NAN	NAN	NONE	NONE	NAN	DCX	G	ANG002	0.00000000	0.00000000	GULNERI	S3	132.00000000	65.00000000	NAN	NAN	132.00000000	65.00000000	NAN	NAN	0.00000000		PLANE	1.00 0.00 0.67	   	NAN	NAN	NAN	NAN	NAN	NAN	NAN	NAN	NAN	NAN	NAN	NAN	NAN	NAN	NAN	0.32692652	-0.37195916	-0.86877237	NAN	NAN	NAN	NAN	NAN	NAN	NAN	NAN	138.68675202	60.31629271		NAN	NAN	NAN	NAN	NAN	NAN	NAN	NAN	NAN	NAN	NAN	NAN	NAN	NAN	NAN
GRP_032	31	0.46359193	-0.68730330	0.55919290	0.31269670	-0.46359193	-0.82903757	0.82903757	0.55919290	0.00000000	NAN	NAN	NAN	NAN	NAN	NAN	NAN	NAN	NAN	NAN	NONE	NAN	NAN	NONE	NONE	NAN	DAX	G	ANG002	0.00000000	0.00000000	GULNERI	S3	146.00000000	56.00000000	NAN	NAN	146.00000000	56.00000000	NAN	NAN	0.00000000		PLANE	0.00 0.00 0.00	   	NAN	NAN	NAN	NAN	NAN	NAN	NAN	NAN	NAN	NAN	NAN	NAN	NAN	NAN	NAN	0.32692652	-0.37195916	-0.86877237	NAN	NAN	NAN	NAN	NAN	NAN	NAN	NAN	138.68675202	60.31629271		NAN	NAN	NAN	NAN	NAN	NAN	NAN	NAN	NAN	NAN	NAN	NAN	NAN	NAN	NAN
GRP_033	32	-0.33682409	0.92541658	0.17364818	-0.05939117	0.16317591	-0.98480775	-0.93969262	-0.34202014	0.00000000	NAN	NAN	NAN	NAN	NAN	NAN	NAN	NAN	NAN	NAN	NONE	NAN	NAN	NONE	NONE	NAN	EXX	G	ANG002	0.00000000	0.00000000	GULNERI	S3	340.00000000	80.00000000	NAN	NAN	340.00000000	80.00000000	NAN	NAN	0.00000000		PLANE	0.00 0.00 0.00	   	NAN	NAN	NAN	NAN	NAN	NAN	NAN	NAN	NAN	NAN	NAN	NAN	NAN	NAN	NAN	-0.05939117	0.16317591	-0.98480775	NAN	NAN	NAN	NAN	NAN	NAN	NAN	NAN	339.99999999	80.00000000		NAN	NAN	NAN	NAN	NAN	NAN	NAN	NAN	NAN	NAN	NAN	NAN	NAN	NAN	NAN
GRP_034	33	0.05067640	-0.09142265	0.99452190	0.48215378	-0.86982845	-0.10452846	0.87461971	0.48480962	0.00000000	0.06485783	-0.07993870	0.99468752	0.62670490	-0.77242749	-0.10294044	0.77655291	0.63005204	0.00000000	80.00000000	E	80.00000000	NAN	PITCH	NORMAL	NAN	ACB		ANG002	0.00000000	0.00000000	GULNERI	STRIAE	151.00000000	6.00000000	NAN	NAN	151.00000000	6.00000000	140.94603799	5.90851949	30.00000000		STRIAE	1.00 0.00 0.67	   	NAN	NAN	NAN	NAN	NAN	NAN	NAN	NAN	NAN	NAN	NAN	NAN	NAN	NAN	NAN	NAN	NAN	NAN	NAN	NAN	NAN	NAN	NAN	NAN	NAN	NAN	NAN	NAN		NAN	NAN	NAN	0.13206521	-0.73335597	-0.07414411	-0.03056261	0.05513642	-0.59978977	0.41067716	0.06441414	-0.01500493	0.86602540	28.69562924	19.97979006
GRP_035	34	0.40241567	-0.75683380	0.51503807	0.24179573	-0.45475163	-0.85716730	0.88294759	0.46947156	0.00000000	0.13352278	-0.83351812	0.53611493	0.08480007	-0.52936581	-0.84414500	0.98741107	0.15817517	0.00000000	80.00000000	S	100.00000001	NAN	PITCH	NORMAL	NAN	ABA		ANG002	0.00000000	0.00000000	GULNERI	STRIAE	152.00000000	59.00000000	NAN	NAN	152.00000000	59.00000000	170.89900764	57.58044546	30.00000000		STRIAE	0.00 0.00 1.00	   	NAN	NAN	NAN	NAN	NAN	NAN	NAN	NAN	NAN	NAN	NAN	NAN	NAN	NAN	NAN	NAN	NAN	NAN	NAN	NAN	NAN	NAN	NAN	NAN	NAN	NAN	NAN	NAN		NAN	NAN	NAN	0.14288372	-0.39247999	-0.68837780	-0.06529663	0.12280510	-0.08357093	-0.06944470	-0.06596425	-0.04267322	0.86602540	5.86213065	1.26957620
GRP_036	35	0.05532752	-0.10858638	0.99254615	0.45060652	-0.88436510	-0.12186934	0.89100652	0.45399050	0.00000000	-0.00935433	-0.10292686	0.99464494	-0.09002552	-0.99056245	-0.10335106	0.99589553	-0.09051020	0.00000000	58.00000000	W	122.00000001	NAN	PITCH	NORMAL	NAN	ACA		ANG002	0.00000000	0.00000000	GULNERI	STRIAE	153.00000000	7.00000000	NAN	NAN	153.00000000	7.00000000	185.19295948	5.93217265	30.00000000		STRIAE	1.00 0.00 0.67	   	NAN	NAN	NAN	NAN	NAN	NAN	NAN	NAN	NAN	NAN	NAN	NAN	NAN	NAN	NAN	NAN	NAN	NAN	NAN	NAN	NAN	NAN	NAN	NAN	NAN	NAN	NAN	NAN		NAN	NAN	NAN	0.08705664	-0.72278020	-0.08392629	-0.03191099	0.06262884	-0.57246605	-0.16502102	-0.13507205	-0.00557836	0.86602540	12.00614718	5.25475506
GRP_037	36	0.40645065	-0.83334733	0.37460659	0.16421672	-0.33669418	-0.92718385	0.89879405	0.43837115	0.00000000	-0.05649006	-0.90516164	0.42129714	-0.02624160	-0.42047909	-0.90692266	0.99805824	-0.06228762	0.00000000	78.00000000	W	102.00000001	NAN	PITCH	NORMAL	NAN	ABA		ANG002	0.00000000	0.00000000	GULNERI	STRIAE	154.00000000	68.00000000	NAN	NAN	154.00000000	68.00000000	183.57112958	65.08349126	30.00000000		STRIAE	0.00 0.00 1.00	   	NAN	NAN	NAN	NAN	NAN	NAN	NAN	NAN	NAN	NAN	NAN	NAN	NAN	NAN	NAN	NAN	NAN	NAN	NAN	NAN	NAN	NAN	NAN	NAN	NAN	NAN	NAN	NAN		NAN	NAN	NAN	0.02274320	-0.30322416	-0.69922697	0.03646886	-0.07477225	0.03361165	-0.04546909	-0.06092141	-0.08619110	0.86602540	3.51663199	1.52510090
GRP_038	37	0.00000000	-0.89100652	0.45399050	0.00000000	-0.45399050	-0.89100652	1.00000000	0.00000000	0.00000000	-0.36955085	-0.78930791	0.49033171	-0.20791169	-0.44406972	-0.87153589	0.90565164	-0.42402253	0.00000000	78.00000000	W	102.00000001	NAN	PITCH	NORMAL	NAN	ABA		ANG002	0.00000000	0.00000000	GULNERI	STRIAE	180.00000000	63.00000000	NAN	NAN	180.00000000	63.00000000	205.08880825	60.63761377	30.00000000		STRIAE	0.00 0.00 1.00	   	NAN	NAN	NAN	NAN	NAN	NAN	NAN	NAN	NAN	NAN	NAN	NAN	NAN	NAN	NAN	NAN	NAN	NAN	NAN	NAN	NAN	NAN	NAN	NAN	NAN	NAN	NAN	NAN		NAN	NAN	NAN	-0.05741763	-0.41160341	-0.80781718	0.00000000	-0.01714156	0.00873406	-0.12263918	0.02702775	0.05304495	0.86602540	8.37626797	2.14596871
GRP_039	38	-0.00242891	-0.13915190	0.99026807	-0.01728256	-0.99011725	-0.13917310	0.99984770	-0.01745241	0.00000000	-0.06365371	-0.10089308	0.99285890	-0.52977368	-0.83970747	-0.11929463	0.84574704	-0.53358406	0.00000000	59.00000000	W	121.00000001	NAN	PITCH	NORMAL	NAN	ACB		ANG002	0.00000000	0.00000000	GULNERI	STRIAE	181.00000000	8.00000000	NAN	NAN	181.00000000	8.00000000	212.24793647	6.85139551	30.00000000		STRIAE	1.00 0.00 0.67	   	NAN	NAN	NAN	NAN	NAN	NAN	NAN	NAN	NAN	NAN	NAN	NAN	NAN	NAN	NAN	NAN	NAN	NAN	NAN	NAN	NAN	NAN	NAN	NAN	NAN	NAN	NAN	NAN		NAN	NAN	NAN	-0.09013635	-0.89496693	-0.12598133	0.00127895	0.07327106	-0.52143010	-0.36866112	0.16775893	0.02266915	0.86602540	26.29489372	19.00267213
GRP_040	39	-0.03413686	-0.97755174	0.20791169	-0.00725601	-0.20778504	-0.97814760	0.99939083	-0.03489950	0.00000000	-0.82177379	-0.33252823	0.46272325	-0.42893700	-0.17356803	-0.88650279	0.37510117	-0.92698388	0.00000000	65.00000000	W	115.00000001	NAN	PITCH	NORMAL	NAN	ABB		ANG002	0.00000000	0.00000000	GULNERI	STRIAE	182.00000000	78.00000000	NAN	NAN	182.00000000	78.00000000	247.96943424	62.43702594	30.00000000		STRIAE	0.00 0.00 1.00	   	NAN	NAN	NAN	NAN	NAN	NAN	NAN	NAN	NAN	NAN	NAN	NAN	NAN	NAN	NAN	NAN	NAN	NAN	NAN	NAN	NAN	NAN	NAN	NAN	NAN	NAN	NAN	NAN		NAN	NAN	NAN	-0.08086738	-0.14433630	-0.69191280	-0.01557486	-0.44600550	0.09485918	-0.29060295	-0.00597803	-0.07582114	0.86602540	18.88520468	10.41940074
GRP_041	40	-0.00818715	-0.15622008	0.98768834	-0.05169161	-0.98633475	-0.15643447	0.99862953	-0.05233596	0.00000000	-0.03497526	-0.15003519	0.98806183	-0.22431650	-0.96226206	-0.15405787	0.97388851	-0.22702679	0.00000000	80.00000000	W	100.00000001	NAN	PITCH	NORMAL	NAN	ACA		ANG002	0.00000000	0.00000000	GULNERI	STRIAE	183.00000000	9.00000000	NAN	NAN	183.00000000	9.00000000	193.12208916	8.86216014	30.00000000		STRIAE	1.00 0.00 0.67	   	NAN	NAN	NAN	NAN	NAN	NAN	NAN	NAN	NAN	NAN	NAN	NAN	NAN	NAN	NAN	NAN	NAN	NAN	NAN	NAN	NAN	NAN	NAN	NAN	NAN	NAN	NAN	NAN		NAN	NAN	NAN	-0.14892098	-0.91062102	-0.14526498	0.00404162	0.07711877	-0.48757696	-0.04534281	0.07727762	0.01184694	0.86602540	3.78899488	0.94317692
GRP_042	41	-0.06101039	-0.87248918	0.48480962	-0.03381861	-0.48362865	-0.87461971	0.99756405	-0.06975647	0.00000000	0.06401326	-0.87013773	0.48863344	0.03585032	-0.48731652	-0.87248918	0.99730490	0.07336854	0.00000000	86.00000000	E	86.00000000	NAN	PITCH	NORMAL	NAN	ABA		ANG002	0.00000000	0.00000000	GULNERI	STRIAE	184.00000000	61.00000000	NAN	NAN	184.00000000	61.00000000	175.79251180	60.74919917	30.00000000		STRIAE	0.00 0.00 1.00	   	NAN	NAN	NAN	NAN	NAN	NAN	NAN	NAN	NAN	NAN	NAN	NAN	NAN	NAN	NAN	NAN	NAN	NAN	NAN	NAN	NAN	NAN	NAN	NAN	NAN	NAN	NAN	NAN		NAN	NAN	NAN	-0.07286205	-0.44383098	-0.80791109	0.00235463	0.03367274	-0.01871068	0.10390934	0.02180250	0.05231330	0.86602540	6.58627170	1.61764096
GRP_043	42	0.40192539	-0.72509260	0.55919290	0.27110210	-0.48908113	-0.82903757	0.87461971	0.48480962	0.00000000	0.44606499	-0.69820642	0.55994091	0.30146074	-0.47186359	-0.82853255	0.84270247	0.53837956	0.00000000	88.00000000	E	88.00000000	NAN	PITCH	NORMAL	NAN	ABA		ANG002	0.00000000	0.00000000	GULNERI	STRIAE	151.00000000	56.00000000	NAN	NAN	151.00000000	56.00000000	147.42660371	55.94828871	30.00000000		STRIAE	0.00 0.00 1.00	   	NAN	NAN	NAN	NAN	NAN	NAN	NAN	NAN	NAN	NAN	NAN	NAN	NAN	NAN	NAN	NAN	NAN	NAN	NAN	NAN	NAN	NAN	NAN	NAN	NAN	NAN	NAN	NAN		NAN	NAN	NAN	0.18396657	-0.40988516	-0.66371646	-0.09956407	0.17961833	-0.13852203	0.07710609	0.00123931	-0.05381377	0.86602540	4.70433960	1.02107940
GRP_044	43	0.06533781	-0.12288255	0.99026807	0.46490270	-0.87435481	-0.13917310	0.88294759	0.46947156	0.00000000	0.01541083	-0.12901211	0.99152326	0.11760394	-0.98452410	-0.12992928	0.99294099	0.11860936	0.00000000	69.00000000	W	111.00000001	NAN	PITCH	NORMAL	NAN	ACA		ANG002	0.00000000	0.00000000	GULNERI	STRIAE	152.00000000	8.00000000	NAN	NAN	152.00000000	8.00000000	173.18814836	7.46550587	30.00000000		STRIAE	1.00 0.00 0.67	   	NAN	NAN	NAN	NAN	NAN	NAN	NAN	NAN	NAN	NAN	NAN	NAN	NAN	NAN	NAN	NAN	NAN	NAN	NAN	NAN	NAN	NAN	NAN	NAN	NAN	NAN	NAN	NAN		NAN	NAN	NAN	0.05831577	-0.69482032	-0.09006806	-0.03623922	0.06815606	-0.54924613	0.04353223	-0.15780255	-0.02245400	0.86602540	2.00023072	3.15243449
GRP_045	44	0.34777690	-0.68255060	0.64278761	0.29181947	-0.57272795	-0.76604444	0.89100652	0.45399050	0.00000000	0.41853207	-0.63937433	0.64500494	0.35326208	-0.53966404	-0.76417840	0.83668202	0.54768896	0.00000000	86.00000000	N	86.00000000	NAN	PITCH	NORMAL	NAN	ABA		ANG002	0.00000000	0.00000000	GULNERI	STRIAE	153.00000000	50.00000000	NAN	NAN	153.00000000	50.00000000	146.79139031	49.83395389	30.00000000		STRIAE	0.00 0.00 1.00	   	NAN	NAN	NAN	NAN	NAN	NAN	NAN	NAN	NAN	NAN	NAN	NAN	NAN	NAN	NAN	NAN	NAN	NAN	NAN	NAN	NAN	NAN	NAN	NAN	NAN	NAN	NAN	NAN		NAN	NAN	NAN	0.22399232	-0.45567485	-0.60505289	-0.14386365	0.28234831	-0.26589969	0.08194162	-0.01168792	-0.05674502	0.86602540	4.52905748	1.16290272
GRP_046	45	0.05342400	-0.10953544	0.99254615	0.43510359	-0.89209457	-0.12186934	0.89879405	0.43837115	0.00000000	0.03080006	-0.11559738	0.99281851	0.25561153	-0.95934944	-0.11963026	0.96628883	0.25746048	0.00000000	79.00000000	W	101.00000001	NAN	PITCH	NORMAL	NAN	ACA		ANG002	0.00000000	0.00000000	GULNERI	STRIAE	154.00000000	7.00000000	NAN	NAN	154.00000000	7.00000000	165.08057102	6.87076434	30.00000000		STRIAE	1.00 0.00 0.67	   	NAN	NAN	NAN	NAN	NAN	NAN	NAN	NAN	NAN	NAN	NAN	NAN	NAN	NAN	NAN	NAN	NAN	NAN	NAN	NAN	NAN	NAN	NAN	NAN	NAN	NAN	NAN	NAN		NAN	NAN	NAN	0.08135061	-0.72860906	-0.08478658	-0.03075664	0.06306046	-0.57141704	0.14001546	-0.10221193	-0.01881627	0.86602540	8.49395700	3.51094309
GRP_047	46	0.00000000	-0.88294759	0.46947156	0.00000000	-0.46947156	-0.88294759	1.00000000	0.00000000	0.00000000	-0.37964934	-0.77201874	0.50975823	-0.22495105	-0.45743904	-0.86031770	0.89736470	-0.44128970	0.00000000	77.00000000	W	103.00000001	NAN	PITCH	NORMAL	NAN	ABA		ANG002	0.00000000	0.00000000	GULNERI	STRIAE	180.00000000	62.00000000	NAN	NAN	180.00000000	62.00000000	206.18619799	59.35227333	30.00000000		STRIAE	0.00 0.00 1.00	   	NAN	NAN	NAN	NAN	NAN	NAN	NAN	NAN	NAN	NAN	NAN	NAN	NAN	NAN	NAN	NAN	NAN	NAN	NAN	NAN	NAN	NAN	NAN	NAN	NAN	NAN	NAN	NAN		NAN	NAN	NAN	-0.05530376	-0.42805287	-0.80505035	0.00000000	0.01103865	-0.00586936	-0.13950956	0.03189904	0.05999337	0.86602540	9.52897723	2.78048091
GRP_048	47	-0.00182427	-0.10451254	0.99452190	-0.01735680	-0.99437042	-0.10452846	0.99984770	-0.01745241	0.00000000	-0.01272811	-0.10317370	0.99458191	-0.12177426	-0.98709889	-0.10395585	0.99247621	-0.12243764	0.00000000	84.00000000	W	96.00000001	NAN	PITCH	NORMAL	NAN	ACA		ANG002	0.00000000	0.00000000	GULNERI	STRIAE	181.00000000	6.00000000	NAN	NAN	181.00000000	6.00000000	187.03280661	5.96701169	30.00000000		STRIAE	1.00 0.00 0.67	   	NAN	NAN	NAN	NAN	NAN	NAN	NAN	NAN	NAN	NAN	NAN	NAN	NAN	NAN	NAN	NAN	NAN	NAN	NAN	NAN	NAN	NAN	NAN	NAN	NAN	NAN	NAN	NAN		NAN	NAN	NAN	0.01306710	-0.89083883	-0.09359270	0.00107529	0.06160310	-0.58620362	-0.11852671	0.03598612	0.00356430	0.86602540	7.83029729	1.77319109
GRP_049	48	-0.03052379	-0.87408691	0.48480962	-0.01691961	-0.48451429	-0.87461971	0.99939083	-0.03489950	0.00000000	0.38260575	-0.75321305	0.53505415	0.24231829	-0.47703752	-0.84481776	0.89156867	0.45288554	0.00000000	75.00000000	S	75.00000000	NAN	PITCH	NORMAL	NAN	ABB		ANG002	0.00000000	0.00000000	GULNERI	STRIAE	182.00000000	61.00000000	NAN	NAN	182.00000000	61.00000000	153.07103146	57.65241598	30.00000000		STRIAE	0.00 0.00 1.00	   	NAN	NAN	NAN	NAN	NAN	NAN	NAN	NAN	NAN	NAN	NAN	NAN	NAN	NAN	NAN	NAN	NAN	NAN	NAN	NAN	NAN	NAN	NAN	NAN	NAN	NAN	NAN	NAN		NAN	NAN	NAN	-0.06316334	-0.44414450	-0.80474657	0.00126135	0.03612020	-0.02003396	0.27301713	0.03101789	0.07311292	0.86602540	17.96295635	9.33528762
GRP_050	49	-0.00456138	-0.08703630	0.99619470	-0.05213680	-0.99482945	-0.08715574	0.99862953	-0.05233596	0.00000000	0.01621053	-0.08299862	0.99641781	0.19100223	-0.97793998	-0.08456684	0.98145574	0.19168890	0.00000000	76.00000000	S	76.00000000	NAN	PITCH	NORMAL	NAN	ACA		ANG002	0.00000000	0.00000000	GULNERI	STRIAE	183.00000000	5.00000000	NAN	NAN	183.00000000	5.00000000	168.94863708	4.85111722	30.00000000		STRIAE	1.00 0.00 0.67	   	NAN	NAN	NAN	NAN	NAN	NAN	NAN	NAN	NAN	NAN	NAN	NAN	NAN	NAN	NAN	NAN	NAN	NAN	NAN	NAN	NAN	NAN	NAN	NAN	NAN	NAN	NAN	NAN		NAN	NAN	NAN	0.06027272	-0.89557718	-0.07796949	0.00283328	0.05406218	-0.61878153	0.10514007	0.04865631	0.00473246	0.86602540	7.17559717	1.55241032
GRP_051	50	-0.06215347	-0.88883608	0.45399050	-0.03166878	-0.45288460	-0.89100652	0.99756405	-0.06975647	0.00000000	0.10675492	-0.88117280	0.46058428	0.05539517	-0.45724092	-0.88761598	0.99274104	0.12027151	0.00000000	85.00000000	S	85.00000000	NAN	PITCH	NORMAL	NAN	ABA		ANG002	0.00000000	0.00000000	GULNERI	STRIAE	184.00000000	63.00000000	NAN	NAN	184.00000000	63.00000000	173.09222734	62.57518346	30.00000000		STRIAE	0.00 0.00 1.00	   	NAN	NAN	NAN	NAN	NAN	NAN	NAN	NAN	NAN	NAN	NAN	NAN	NAN	NAN	NAN	NAN	NAN	NAN	NAN	NAN	NAN	NAN	NAN	NAN	NAN	NAN	NAN	NAN		NAN	NAN	NAN	-0.07348557	-0.41108521	-0.81489536	-0.00159120	-0.02275528	0.01162271	0.12145919	0.01510296	0.04619738	0.86602540	7.79377268	1.97622757
GRP_052	51	0.40192539	-0.72509260	0.55919290	0.27110210	-0.48908113	-0.82903757	0.87461971	0.48480962	0.00000000	0.44606499	-0.69820642	0.55994091	0.30146074	-0.47186359	-0.82853255	0.84270247	0.53837956	0.00000000	88.00000000	E	88.00000000	NAN	PITCH	NORMAL	NAN	BAX		ANG002	0.00000000	0.00000000	GULNERI	STRIAE	151.00000000	56.00000000	NAN	NAN	151.00000000	56.00000000	147.42660371	55.94828871	30.00000000		STRIAE	0.00 0.00 0.00	   	NAN	NAN	NAN	NAN	NAN	NAN	NAN	NAN	NAN	NAN	NAN	NAN	NAN	NAN	NAN	NAN	NAN	NAN	NAN	NAN	NAN	NAN	NAN	NAN	NAN	NAN	NAN	NAN		NAN	NAN	NAN	0.19593316	-0.43538164	-0.70537826	-0.04778138	0.08619989	-0.06647753	0.06513950	0.02673579	-0.01215197	0.86602540	4.67215654	0.58954705
GRP_053	52	0.06533781	-0.12288255	0.99026807	0.46490270	-0.87435481	-0.13917310	0.88294759	0.46947156	0.00000000	0.01541083	-0.12901211	0.99152326	0.11760394	-0.98452410	-0.12992928	0.99294099	0.11860936	0.00000000	69.00000000	W	111.00000001	NAN	PITCH	NORMAL	NAN	BBA		ANG002	0.00000000	0.00000000	GULNERI	STRIAE	152.00000000	8.00000000	NAN	NAN	152.00000000	8.00000000	173.18814836	7.46550587	30.00000000		STRIAE	0.00 0.00 1.00	   	NAN	NAN	NAN	NAN	NAN	NAN	NAN	NAN	NAN	NAN	NAN	NAN	NAN	NAN	NAN	NAN	NAN	NAN	NAN	NAN	NAN	NAN	NAN	NAN	NAN	NAN	NAN	NAN		NAN	NAN	NAN	0.05831577	-0.69482032	-0.09006806	-0.03623922	0.06815606	-0.54924613	0.04353223	-0.15780255	-0.02245400	0.86602540	2.00023072	3.15243449
GRP_054	53	0.34777690	-0.68255060	0.64278761	0.29181947	-0.57272795	-0.76604444	0.89100652	0.45399050	0.00000000	0.41853207	-0.63937433	0.64500494	0.35326208	-0.53966404	-0.76417840	0.83668202	0.54768896	0.00000000	86.00000000	N	86.00000000	NAN	PITCH	NORMAL	NAN	BAX		ANG002	0.00000000	0.00000000	GULNERI	STRIAE	153.00000000	50.00000000	NAN	NAN	153.00000000	50.00000000	146.79139031	49.83395389	30.00000000		STRIAE	0.00 0.00 0.00	   	NAN	NAN	NAN	NAN	NAN	NAN	NAN	NAN	NAN	NAN	NAN	NAN	NAN	NAN	NAN	NAN	NAN	NAN	NAN	NAN	NAN	NAN	NAN	NAN	NAN	NAN	NAN	NAN		NAN	NAN	NAN	0.28253524	-0.45433624	-0.63530581	-0.10285549	0.20186527	-0.19010531	0.02339870	-0.01302653	-0.02649210	0.86602540	0.86133364	0.16385441
GRP_055	54	0.05342400	-0.10953544	0.99254615	0.43510359	-0.89209457	-0.12186934	0.89879405	0.43837115	0.00000000	0.03080006	-0.11559738	0.99281851	0.25561153	-0.95934944	-0.11963026	0.96628883	0.25746048	0.00000000	79.00000000	W	101.00000001	NAN	PITCH	NORMAL	NAN	BBA		ANG002	0.00000000	0.00000000	GULNERI	STRIAE	154.00000000	7.00000000	NAN	NAN	154.00000000	7.00000000	165.08057102	6.87076434	30.00000000		STRIAE	0.00 0.00 1.00	   	NAN	NAN	NAN	NAN	NAN	NAN	NAN	NAN	NAN	NAN	NAN	NAN	NAN	NAN	NAN	NAN	NAN	NAN	NAN	NAN	NAN	NAN	NAN	NAN	NAN	NAN	NAN	NAN		NAN	NAN	NAN	0.08135061	-0.72860906	-0.08478658	-0.03075664	0.06306046	-0.57141704	0.14001546	-0.10221193	-0.01881627	0.86602540	8.49395700	3.51094309
GRP_056	55	0.00000000	-0.88294759	0.46947156	0.00000000	-0.46947156	-0.88294759	1.00000000	0.00000000	0.00000000	-0.37964934	-0.77201874	0.50975823	-0.22495105	-0.45743904	-0.86031770	0.89736470	-0.44128970	0.00000000	77.00000000	W	103.00000001	NAN	PITCH	NORMAL	NAN	BCX		ANG002	0.00000000	0.00000000	GULNERI	STRIAE	180.00000000	62.00000000	NAN	NAN	180.00000000	62.00000000	206.18619799	59.35227333	30.00000000		STRIAE	1.00 0.00 0.67	   	NAN	NAN	NAN	NAN	NAN	NAN	NAN	NAN	NAN	NAN	NAN	NAN	NAN	NAN	NAN	NAN	NAN	NAN	NAN	NAN	NAN	NAN	NAN	NAN	NAN	NAN	NAN	NAN		NAN	NAN	NAN	-0.04649105	-0.37934486	-0.71344393	0.00000000	-0.22158504	0.11781886	-0.14832228	-0.01680896	-0.03161306	0.86602540	9.70702437	2.68830737
GRP_057	56	-0.00182427	-0.10451254	0.99452190	-0.01735680	-0.99437042	-0.10452846	0.99984770	-0.01745241	0.00000000	-0.01272811	-0.10317370	0.99458191	-0.12177426	-0.98709889	-0.10395585	0.99247621	-0.12243764	0.00000000	84.00000000	W	96.00000001	NAN	PITCH	NORMAL	NAN	BBA		ANG002	0.00000000	0.00000000	GULNERI	STRIAE	181.00000000	6.00000000	NAN	NAN	181.00000000	6.00000000	187.03280661	5.96701169	30.00000000		STRIAE	0.00 0.00 1.00	   	NAN	NAN	NAN	NAN	NAN	NAN	NAN	NAN	NAN	NAN	NAN	NAN	NAN	NAN	NAN	NAN	NAN	NAN	NAN	NAN	NAN	NAN	NAN	NAN	NAN	NAN	NAN	NAN		NAN	NAN	NAN	0.01306710	-0.89083883	-0.09359270	0.00107529	0.06160310	-0.58620362	-0.11852671	0.03598612	0.00356430	0.86602540	7.83029729	1.77319109
GRP_058	57	-0.03052379	-0.87408691	0.48480962	-0.01691961	-0.48451429	-0.87461971	0.99939083	-0.03489950	0.00000000	0.38260575	-0.75321305	0.53505415	0.24231829	-0.47703752	-0.84481776	0.89156867	0.45288554	0.00000000	75.00000000	S	75.00000000	NAN	PITCH	NORMAL	NAN	BCX		ANG002	0.00000000	0.00000000	GULNERI	STRIAE	182.00000000	61.00000000	NAN	NAN	182.00000000	61.00000000	153.07103146	57.65241598	30.00000000		STRIAE	1.00 0.00 0.67	   	NAN	NAN	NAN	NAN	NAN	NAN	NAN	NAN	NAN	NAN	NAN	NAN	NAN	NAN	NAN	NAN	NAN	NAN	NAN	NAN	NAN	NAN	NAN	NAN	NAN	NAN	NAN	NAN		NAN	NAN	NAN	0.00632781	-0.41032620	-0.73939872	-0.00680339	-0.19482368	0.10805836	0.20352598	-0.00280041	0.00776508	0.86602540	13.60114227	4.79096397
GRP_059	58	-0.00456138	-0.08703630	0.99619470	-0.05213680	-0.99482945	-0.08715574	0.99862953	-0.05233596	0.00000000	0.01621053	-0.08299862	0.99641781	0.19100223	-0.97793998	-0.08456684	0.98145574	0.19168890	0.00000000	76.00000000	S	76.00000000	NAN	PITCH	NORMAL	NAN	BBA		ANG002	0.00000000	0.00000000	GULNERI	STRIAE	183.00000000	5.00000000	NAN	NAN	183.00000000	5.00000000	168.94863708	4.85111722	30.00000000		STRIAE	0.00 0.00 1.00	   	NAN	NAN	NAN	NAN	NAN	NAN	NAN	NAN	NAN	NAN	NAN	NAN	NAN	NAN	NAN	NAN	NAN	NAN	NAN	NAN	NAN	NAN	NAN	NAN	NAN	NAN	NAN	NAN		NAN	NAN	NAN	0.06027272	-0.89557718	-0.07796949	0.00283328	0.05406218	-0.61878153	0.10514007	0.04865631	0.00473246	0.86602540	7.17559717	1.55241032
GRP_060	59	-0.06215347	-0.88883608	0.45399050	-0.03166878	-0.45288460	-0.89100652	0.99756405	-0.06975647	0.00000000	0.10675492	-0.88117280	0.46058428	0.05539517	-0.45724092	-0.88761598	0.99274104	0.12027151	0.00000000	85.00000000	S	85.00000000	NAN	PITCH	NORMAL	NAN	BCX		ANG002	0.00000000	0.00000000	GULNERI	STRIAE	184.00000000	63.00000000	NAN	NAN	184.00000000	63.00000000	173.09222734	62.57518346	30.00000000		STRIAE	1.00 0.00 0.67	   	NAN	NAN	NAN	NAN	NAN	NAN	NAN	NAN	NAN	NAN	NAN	NAN	NAN	NAN	NAN	NAN	NAN	NAN	NAN	NAN	NAN	NAN	NAN	NAN	NAN	NAN	NAN	NAN		NAN	NAN	NAN	-0.00756882	-0.40670632	-0.79729792	-0.01755228	-0.25100924	0.12820790	0.05554244	0.01072407	0.02859994	0.86602540	3.66713662	0.46395002
GRP_061	60	0.05067640	-0.09142265	0.99452190	0.48215378	-0.86982845	-0.10452846	0.87461971	0.48480962	0.00000000	0.06485783	-0.07993870	0.99468752	0.62670490	-0.77242749	-0.10294044	0.77655291	0.63005204	0.00000000	80.00000000	E	80.00000000	NAN	PITCH	NORMAL	NAN	BBB		ANG002	0.00000000	0.00000000	GULNERI	STRIAE	151.00000000	6.00000000	NAN	NAN	151.00000000	6.00000000	140.94603799	5.90851949	30.00000000		STRIAE	0.00 0.00 1.00	   	NAN	NAN	NAN	NAN	NAN	NAN	NAN	NAN	NAN	NAN	NAN	NAN	NAN	NAN	NAN	NAN	NAN	NAN	NAN	NAN	NAN	NAN	NAN	NAN	NAN	NAN	NAN	NAN		NAN	NAN	NAN	0.13206521	-0.73335597	-0.07414411	-0.03056261	0.05513642	-0.59978977	0.41067716	0.06441414	-0.01500493	0.86602540	28.69562924	19.97979006
GRP_062	61	0.40241567	-0.75683380	0.51503807	0.24179573	-0.45475163	-0.85716730	0.88294759	0.46947156	0.00000000	0.13352278	-0.83351812	0.53611493	0.08480007	-0.52936581	-0.84414500	0.98741107	0.15817517	0.00000000	80.00000000	S	100.00000001	NAN	PITCH	NORMAL	NAN	BAX		ANG002	0.00000000	0.00000000	GULNERI	STRIAE	152.00000000	59.00000000	NAN	NAN	152.00000000	59.00000000	170.89900764	57.58044546	30.00000000		STRIAE	0.00 0.00 0.00	   	NAN	NAN	NAN	NAN	NAN	NAN	NAN	NAN	NAN	NAN	NAN	NAN	NAN	NAN	NAN	NAN	NAN	NAN	NAN	NAN	NAN	NAN	NAN	NAN	NAN	NAN	NAN	NAN		NAN	NAN	NAN	0.14775135	-0.42771259	-0.74395433	-0.01094025	0.02057562	-0.01400205	-0.07431234	-0.03073165	0.01290331	0.86602540	5.36649472	0.76594218
