NAME_ID s	iID i	N.X d	N.Y d	N.Z d	D.X d	D.Y d	D.Z d	S.X d	S.Y d	S.Z d	NC.X d	NC.Y d	NC.Z d	DC.X d	DC.Y d	DC.Z d	SC.X d	SC.Y d	SC.Z d	LPITCH  d	LPITCHSENSE s	PITCHANGLE  d	MISFIT d	LINEATION s	OFFSET s	DEPTH d	GC s	COLOR s	LOC s	LOCX d	LOCY d	FORMATION s	DATATYPE s	DIPDIR d	DIP d	LDIR d	LDIP d	corr.DIPDIR d	corr.DIP d	corrL.DIPDIR d	corrL.DIP d	PALEON d	COMMENT s	DATAGROUP s	PSCOLOR s	DASHED s	ptnP.X d	ptnP.Y d	ptnP.Z d	ptnT.X d	ptnT.Y d	ptnT.Z d	ptnN.X d	ptnN.Y d	ptnN.Z d	avD.X d	avD.Y d	avD.Z d	avS0D.X d	avS0D.Y d	avS0D.Z d	avS0N.X d	avS0N.Y d	avS0N.Z d	avS0d.DIPDIR d	avS0d.DIP d	avd.DIPDIR d	avd.DIP d	avS0offset s	TRAJECTORY.X d	TRAJECTORY.Y d	TRAJECTORY.Z d	fold_great_circle_N.X d	fold_great_circle_N.Y d	fold_great_circle_N.Z d	SHEAR_S.X d	SHEAR_S.Y d	SHEAR_S.Z d	NORMAL_S.X d	NORMAL_S.Y d	NORMAL_S.Z d	lambda d	ANG d	RUP d
GRP_001	0	0.00000000	0.00000000	1.00000000	0.91141985	0.41147740	-0.00044721	-0.41147740	0.91141985	-0.00000000	NAN	NAN	NAN	NAN	NAN	NAN	NAN	NAN	NAN	NAN	NONE	NAN	NAN	NONE	NORMAL	NAN	BXX	A	ANG001	0.00000000	0.00000000	GULNERI	BEDDING	329.00000000	71.00000000	NAN	NAN	65.70232059	0.02562345	NAN	NAN	NAN		PLANE	0.00 0.00 0.00	   	NAN	NAN	NAN	NAN	NAN	NAN	NAN	NAN	NAN	0.91141985	0.41147740	-0.00044721	0.91141985	0.41147740	-0.00044721	0.00040760	0.00018402	0.99999990	65.70232059	0.02562345	65.70232059	0.02562345	NORMAL	NAN	NAN	NAN	NAN	NAN	NAN	NAN	NAN	NAN	NAN	NAN	NAN	NAN	NAN	NAN
GRP_002	1	0.00000000	0.00000000	1.00000000	0.78789777	0.61580589	-0.00044721	-0.61580589	0.78789777	-0.00000000	NAN	NAN	NAN	NAN	NAN	NAN	NAN	NAN	NAN	NAN	NONE	NAN	NAN	NONE	NORMAL	NAN	CXX	A	ANG001	0.00000000	0.00000000	GULNERI	BEDDING	315.00000000	65.00000000	NAN	NAN	51.98949420	0.02562345	NAN	NAN	NAN		PLANE	0.00 0.00 0.00	   	NAN	NAN	NAN	NAN	NAN	NAN	NAN	NAN	NAN	0.78789777	0.61580589	-0.00044721	0.78789777	0.61580589	-0.00044721	0.00035236	0.00027540	0.99999990	51.98949420	0.02562345	51.98949420	0.02562345	NORMAL	NAN	NAN	NAN	NAN	NAN	NAN	NAN	NAN	NAN	NAN	NAN	NAN	NAN	NAN	NAN
GRP_003	2	-0.69832771	0.62877709	0.34202014	-0.25417050	0.22885615	-0.93969262	-0.66913061	-0.74314483	-0.00000000	NAN	NAN	NAN	NAN	NAN	NAN	NAN	NAN	NAN	NAN	NONE	NAN	NAN	NONE	NONE	NAN	AXX	A	ANG001	0.00000000	0.00000000	GULNERI	FRACTURE	312.00000000	70.00000000	NAN	NAN	312.00000000	70.00000000	NAN	NAN	NAN		PLANE	0.00 0.00 0.00	   	NAN	NAN	NAN	NAN	NAN	NAN	NAN	NAN	NAN	-0.25417050	0.22885615	-0.93969262	NAN	NAN	NAN	NAN	NAN	NAN	NAN	NAN	311.99999998	70.00000000		NAN	NAN	NAN	NAN	NAN	NAN	NAN	NAN	NAN	NAN	NAN	NAN	NAN	NAN	NAN
GRP_004	3	-0.08384654	-0.22013938	0.97185823	-0.34591904	-0.90821166	-0.23556653	0.93451045	-0.35593571	0.00000000	NAN	NAN	NAN	NAN	NAN	NAN	NAN	NAN	NAN	NAN	NONE	NAN	NAN	NONE	NONE	NAN	BXX	A	ANG001	0.00000000	0.00000000	GULNERI	FRACTURE	317.00000000	63.00000000	NAN	NAN	200.85080250	13.62501990	NAN	NAN	NAN		PLANE	0.00 0.00 0.00	   	NAN	NAN	NAN	NAN	NAN	NAN	NAN	NAN	NAN	-0.34591904	-0.90821166	-0.23556653	0.91141985	0.41147740	-0.00044721	0.00040760	0.00018402	0.99999990	65.70232059	0.02562345	200.85080250	13.62501990	NORMAL	NAN	NAN	NAN	NAN	NAN	NAN	NAN	NAN	NAN	NAN	NAN	NAN	NAN	NAN	NAN
GRP_005	4	-0.55281846	0.53044948	0.64266251	-0.46371595	0.44495238	-0.76614940	-0.69235776	-0.72155438	0.00000000	NAN	NAN	NAN	NAN	NAN	NAN	NAN	NAN	NAN	NAN	NONE	NAN	NAN	NONE	NONE	NAN	CXX	A	ANG001	0.00000000	0.00000000	GULNERI	FRACTURE	134.00000000	65.00000000	NAN	NAN	313.81703729	50.00935630	NAN	NAN	NAN		PLANE	0.00 0.00 0.00	   	NAN	NAN	NAN	NAN	NAN	NAN	NAN	NAN	NAN	-0.46371595	0.44495238	-0.76614940	0.78789777	0.61580589	-0.00044721	0.00035236	0.00027540	0.99999990	51.98949420	0.02562345	313.81703729	50.00935630	NORMAL	NAN	NAN	NAN	NAN	NAN	NAN	NAN	NAN	NAN	NAN	NAN	NAN	NAN	NAN	NAN
GRP_006	5	0.28006451	-0.86194993	0.42261826	0.13059623	-0.40193385	-0.90630779	0.95105652	0.30901699	-0.00000000	NAN	NAN	NAN	NAN	NAN	NAN	NAN	NAN	NAN	NAN	NONE	NAN	NAN	NONE	NONE	NAN	ACX	B	ANG001	0.00000000	0.00000000	GULNERI	S1	162.00000000	65.00000000	NAN	NAN	162.00000000	65.00000000	NAN	NAN	NAN		PLANE	1.00 0.00 0.67	   	NAN	NAN	NAN	NAN	NAN	NAN	NAN	NAN	NAN	0.14733714	-0.35427626	-0.92346094	NAN	NAN	NAN	NAN	NAN	NAN	NAN	NAN	157.41845000	67.43740992		NAN	NAN	NAN	NAN	NAN	NAN	NAN	NAN	NAN	NAN	NAN	NAN	NAN	NAN	NAN
GRP_007	6	0.42661152	-0.83727226	0.34202014	0.15527390	-0.30474218	-0.93969262	0.89100652	0.45399050	0.00000000	NAN	NAN	NAN	NAN	NAN	NAN	NAN	NAN	NAN	NAN	NONE	NAN	NAN	NONE	NONE	NAN	AAX	B	ANG001	0.00000000	0.00000000	GULNERI	S1	153.00000000	70.00000000	NAN	NAN	153.00000000	70.00000000	NAN	NAN	NAN		PLANE	0.00 0.00 0.00	   	NAN	NAN	NAN	NAN	NAN	NAN	NAN	NAN	NAN	0.14733714	-0.35427626	-0.92346094	NAN	NAN	NAN	NAN	NAN	NAN	NAN	NAN	157.41845000	67.43740992		NAN	NAN	NAN	NAN	NAN	NAN	NAN	NAN	NAN	NAN	NAN	NAN	NAN	NAN	NAN
GRP_008	7	-0.07545056	-0.25643322	0.96361259	-0.27199532	-0.92442834	-0.26730279	0.95933610	-0.28226626	0.00000000	NAN	NAN	NAN	NAN	NAN	NAN	NAN	NAN	NAN	NAN	NONE	NAN	NAN	NONE	NONE	NAN	BCX	B	ANG001	0.00000000	0.00000000	GULNERI	S1	316.00000000	61.00000000	NAN	NAN	196.39550906	15.50383014	NAN	NAN	NAN		PLANE	1.00 0.00 0.67	   	NAN	NAN	NAN	NAN	NAN	NAN	NAN	NAN	NAN	0.43118430	-0.89887921	-0.07807863	0.91141985	0.41147740	-0.00044721	0.00040760	0.00018402	0.99999990	65.70232059	0.02562345	154.37338313	4.47813377	NORMAL	NAN	NAN	NAN	NAN	NAN	NAN	NAN	NAN	NAN	NAN	NAN	NAN	NAN	NAN	NAN
GRP_009	8	0.14138022	0.11899130	0.98277805	0.75191012	0.63283795	-0.18478987	-0.64392764	0.76508640	-0.00000000	NAN	NAN	NAN	NAN	NAN	NAN	NAN	NAN	NAN	NAN	NONE	NAN	NAN	NONE	NONE	NAN	BAX	B	ANG001	0.00000000	0.00000000	GULNERI	S1	340.00000000	73.00000000	NAN	NAN	49.91467916	10.64888158	NAN	NAN	NAN		PLANE	0.00 0.00 0.00	   	NAN	NAN	NAN	NAN	NAN	NAN	NAN	NAN	NAN	0.43118430	-0.89887921	-0.07807863	0.91141985	0.41147740	-0.00044721	0.00040760	0.00018402	0.99999990	65.70232059	0.02562345	154.37338313	4.47813377	NORMAL	NAN	NAN	NAN	NAN	NAN	NAN	NAN	NAN	NAN	NAN	NAN	NAN	NAN	NAN	NAN
GRP_010	9	0.17848200	0.11834509	0.97680019	0.81409780	0.53979940	-0.21415272	-0.55262008	0.83343329	-0.00000000	NAN	NAN	NAN	NAN	NAN	NAN	NAN	NAN	NAN	NAN	NONE	NAN	NAN	NONE	NONE	NAN	BCX	C	ANG001	0.00000000	0.00000000	GULNERI	S2	342.00000000	72.00000000	NAN	NAN	56.45305251	12.36582391	NAN	NAN	NAN		PLANE	1.00 0.00 0.67	   	NAN	NAN	NAN	NAN	NAN	NAN	NAN	NAN	NAN	-0.14853286	0.97789931	-0.14714254	0.91141985	0.41147740	-0.00044721	0.00040760	0.00018402	0.99999990	65.70232059	0.02562345	351.36337327	8.46136868	NORMAL	NAN	NAN	NAN	NAN	NAN	NAN	NAN	NAN	NAN	NAN	NAN	NAN	NAN	NAN	NAN
GRP_011	10	-0.22176546	0.16662120	0.96075879	-0.76811281	0.57711366	-0.27738518	-0.60068528	-0.79948558	0.00000000	NAN	NAN	NAN	NAN	NAN	NAN	NAN	NAN	NAN	NAN	NONE	NAN	NAN	NONE	NONE	NAN	BAX	C	ANG001	0.00000000	0.00000000	GULNERI	S2	323.00000000	86.00000000	NAN	NAN	306.91899268	16.10420606	NAN	NAN	NAN		PLANE	0.00 0.00 0.00	   	NAN	NAN	NAN	NAN	NAN	NAN	NAN	NAN	NAN	-0.14853286	0.97789931	-0.14714254	0.91141985	0.41147740	-0.00044721	0.00040760	0.00018402	0.99999990	65.70232059	0.02562345	351.36337327	8.46136868	NORMAL	NAN	NAN	NAN	NAN	NAN	NAN	NAN	NAN	NAN	NAN	NAN	NAN	NAN	NAN	NAN
GRP_012	11	0.07509537	0.27675083	0.95800296	0.25087881	0.92456989	-0.28675832	-0.96510129	0.26187686	-0.00000000	NAN	NAN	NAN	NAN	NAN	NAN	NAN	NAN	NAN	NAN	NONE	NAN	NAN	NONE	NONE	NAN	CCX	C	ANG001	0.00000000	0.00000000	GULNERI	S2	330.00000000	74.00000000	NAN	NAN	15.18145779	16.66398080	NAN	NAN	NAN		PLANE	1.00 0.00 0.67	   	NAN	NAN	NAN	NAN	NAN	NAN	NAN	NAN	NAN	-0.10320122	0.96852234	-0.22652590	0.78789777	0.61580589	-0.00044721	0.00035236	0.00027540	0.99999990	51.98949420	0.02562345	353.91777887	13.09262300	NORMAL	NAN	NAN	NAN	NAN	NAN	NAN	NAN	NAN	NAN	NAN	NAN	NAN	NAN	NAN	NAN
GRP_013	12	-0.12279321	0.17088357	0.97760965	-0.57047828	0.79389871	-0.21042663	-0.81208150	-0.58354404	0.00000000	NAN	NAN	NAN	NAN	NAN	NAN	NAN	NAN	NAN	NAN	NONE	NAN	NAN	NONE	NONE	NAN	CAX	C	ANG001	0.00000000	0.00000000	GULNERI	S2	317.00000000	77.00000000	NAN	NAN	324.29980067	12.14735505	NAN	NAN	NAN		PLANE	0.00 0.00 0.00	   	NAN	NAN	NAN	NAN	NAN	NAN	NAN	NAN	NAN	-0.10320122	0.96852234	-0.22652590	0.78789777	0.61580589	-0.00044721	0.00035236	0.00027540	0.99999990	51.98949420	0.02562345	353.91777887	13.09262300	NORMAL	NAN	NAN	NAN	NAN	NAN	NAN	NAN	NAN	NAN	NAN	NAN	NAN	NAN	NAN	NAN
GRP_014	13	-0.51983679	0.74240388	0.42261826	-0.24240388	0.34618861	-0.90630779	-0.81915204	-0.57357644	-0.00000000	NAN	NAN	NAN	NAN	NAN	NAN	NAN	NAN	NAN	NAN	NONE	NAN	NAN	NONE	NONE	NAN	DCX	C	ANG001	0.00000000	0.00000000	GULNERI	S3	325.00000000	65.00000000	NAN	NAN	325.00000000	65.00000000	NAN	NAN	NAN		PLANE	1.00 0.00 0.67	   	NAN	NAN	NAN	NAN	NAN	NAN	NAN	NAN	NAN	-0.95487843	-0.05669716	-0.29153493	NAN	NAN	NAN	NAN	NAN	NAN	NAN	NAN	266.60197759	16.94987220		NAN	NAN	NAN	NAN	NAN	NAN	NAN	NAN	NAN	NAN	NAN	NAN	NAN	NAN	NAN
GRP_015	14	0.20395219	-0.76115994	0.61566148	0.15934492	-0.59468332	-0.78801075	0.96592583	0.25881905	0.00000000	NAN	NAN	NAN	NAN	NAN	NAN	NAN	NAN	NAN	NAN	NONE	NAN	NAN	NONE	NONE	NAN	DAX	D	ANG001	0.00000000	0.00000000	GULNERI	S3	165.00000000	52.00000000	NAN	NAN	165.00000000	52.00000000	NAN	NAN	NAN		PLANE	0.00 0.00 0.00	   	NAN	NAN	NAN	NAN	NAN	NAN	NAN	NAN	NAN	-0.95487843	-0.05669716	-0.29153493	NAN	NAN	NAN	NAN	NAN	NAN	NAN	NAN	266.60197759	16.94987220		NAN	NAN	NAN	NAN	NAN	NAN	NAN	NAN	NAN	NAN	NAN	NAN	NAN	NAN	NAN
GRP_016	15	-0.77418869	0.62692564	0.08715574	-0.06773273	0.05484889	-0.99619470	-0.62932039	-0.77714596	0.00000000	NAN	NAN	NAN	NAN	NAN	NAN	NAN	NAN	NAN	NAN	NONE	NAN	NAN	NONE	NONE	NAN	ECX	D	ANG001	0.00000000	0.00000000	GULNERI	S3	309.00000000	85.00000000	NAN	NAN	309.00000000	85.00000000	NAN	NAN	NAN		PLANE	1.00 0.00 0.67	   	NAN	NAN	NAN	NAN	NAN	NAN	NAN	NAN	NAN	-0.15824138	0.13496398	-0.97813311	NAN	NAN	NAN	NAN	NAN	NAN	NAN	NAN	310.46084304	77.99600852		NAN	NAN	NAN	NAN	NAN	NAN	NAN	NAN	NAN	NAN	NAN	NAN	NAN	NAN	NAN
GRP_017	16	-0.70265724	0.63267542	0.32556815	-0.24194429	0.21784762	-0.94551858	-0.66913061	-0.74314483	0.00000000	NAN	NAN	NAN	NAN	NAN	NAN	NAN	NAN	NAN	NAN	NONE	NAN	NAN	NONE	NONE	NAN	EAX	D	ANG001	0.00000000	0.00000000	GULNERI	S3	312.00000000	71.00000000	NAN	NAN	312.00000000	71.00000000	NAN	NAN	NAN		PLANE	0.00 0.00 0.00	   	NAN	NAN	NAN	NAN	NAN	NAN	NAN	NAN	NAN	-0.15824138	0.13496398	-0.97813311	NAN	NAN	NAN	NAN	NAN	NAN	NAN	NAN	310.46084304	77.99600852		NAN	NAN	NAN	NAN	NAN	NAN	NAN	NAN	NAN	NAN	NAN	NAN	NAN	NAN	NAN
GRP_018	17	0.00000000	0.00000000	1.00000000	0.91431239	0.40500946	-0.00044721	-0.40500946	0.91431239	-0.00000000	NAN	NAN	NAN	NAN	NAN	NAN	NAN	NAN	NAN	NAN	NONE	NAN	NAN	NONE	NORMAL	NAN	BXX	D	ANG002	0.00000000	0.00000000	GULNERI	BEDDING	329.00000000	63.00000000	NAN	NAN	66.10827755	0.02562345	NAN	NAN	NAN		PLANE	0.00 0.00 0.00	   	NAN	NAN	NAN	NAN	NAN	NAN	NAN	NAN	NAN	0.91431239	0.40500946	-0.00044721	0.91431239	0.40500946	-0.00044721	0.00040889	0.00018113	0.99999990	66.10827755	0.02562345	66.10827755	0.02562345	NORMAL	NAN	NAN	NAN	NAN	NAN	NAN	NAN	NAN	NAN	NAN	NAN	NAN	NAN	NAN	NAN
GRP_019	18	0.00000000	0.00000000	1.00000000	0.83354271	0.55245484	-0.00044721	-0.55245484	0.83354271	-0.00000000	NAN	NAN	NAN	NAN	NAN	NAN	NAN	NAN	NAN	NAN	NONE	NAN	NAN	NONE	NORMAL	NAN	CXX	D	ANG002	0.00000000	0.00000000	GULNERI	BEDDING	319.00000000	58.00000000	NAN	NAN	56.46440715	0.02562345	NAN	NAN	NAN		PLANE	0.00 0.00 0.00	   	NAN	NAN	NAN	NAN	NAN	NAN	NAN	NAN	NAN	0.83354271	0.55245484	-0.00044721	0.83354271	0.55245484	-0.00044721	0.00037277	0.00024707	0.99999990	56.46440715	0.02562345	56.46440715	0.02562345	NORMAL	NAN	NAN	NAN	NAN	NAN	NAN	NAN	NAN	NAN	NAN	NAN	NAN	NAN	NAN	NAN
GRP_020	19	-0.57197195	0.61336482	0.54463904	-0.37144293	0.39832377	-0.83867057	-0.73135370	-0.68199836	-0.00000000	NAN	NAN	NAN	NAN	NAN	NAN	NAN	NAN	NAN	NAN	NONE	NAN	NAN	NONE	NONE	NAN	AXX	E	ANG002	0.00000000	0.00000000	GULNERI	FRACTURE	317.00000000	57.00000000	NAN	NAN	317.00000000	57.00000000	NAN	NAN	NAN		PLANE	0.00 0.00 0.00	   	NAN	NAN	NAN	NAN	NAN	NAN	NAN	NAN	NAN	-0.37144293	0.39832377	-0.83867057	NAN	NAN	NAN	NAN	NAN	NAN	NAN	NAN	316.99999998	57.00000000		NAN	NAN	NAN	NAN	NAN	NAN	NAN	NAN	NAN	NAN	NAN	NAN	NAN	NAN	NAN
GRP_021	20	-0.13197781	0.89992081	0.41560125	-0.06030491	0.41120277	-0.90954692	-0.98941658	-0.14510280	0.00000000	NAN	NAN	NAN	NAN	NAN	NAN	NAN	NAN	NAN	NAN	NONE	NAN	NAN	NONE	NONE	NAN	BXX	E	ANG002	0.00000000	0.00000000	GULNERI	FRACTURE	174.00000000	56.00000000	NAN	NAN	351.65676763	65.44281397	NAN	NAN	NAN		PLANE	0.00 0.00 0.00	   	NAN	NAN	NAN	NAN	NAN	NAN	NAN	NAN	NAN	-0.06030491	0.41120277	-0.90954692	0.91431239	0.40500946	-0.00044721	0.00040889	0.00018113	0.99999990	66.10827755	0.02562345	351.65676763	65.44281397	NORMAL	NAN	NAN	NAN	NAN	NAN	NAN	NAN	NAN	NAN	NAN	NAN	NAN	NAN	NAN	NAN
GRP_022	21	0.20273339	-0.23321809	0.95105652	0.62394922	-0.71777146	-0.30901699	0.75470958	0.65605903	0.00000000	NAN	NAN	NAN	NAN	NAN	NAN	NAN	NAN	NAN	NAN	NONE	NAN	NAN	NONE	NONE	NAN	CXX	E	ANG002	0.00000000	0.00000000	GULNERI	FRACTURE	319.00000000	40.00000000	NAN	NAN	138.99999991	18.00000001	NAN	NAN	NAN		PLANE	0.00 0.00 0.00	   	NAN	NAN	NAN	NAN	NAN	NAN	NAN	NAN	NAN	0.62394922	-0.71777146	-0.30901699	0.83354271	0.55245484	-0.00044721	0.00037277	0.00024707	0.99999990	56.46440715	0.02562345	138.99999991	18.00000001	NORMAL	NAN	NAN	NAN	NAN	NAN	NAN	NAN	NAN	NAN	NAN	NAN	NAN	NAN	NAN	NAN
GRP_023	22	0.27850420	-0.72552826	0.62932039	0.22552826	-0.58752120	-0.77714596	0.93358043	0.35836795	-0.00000000	NAN	NAN	NAN	NAN	NAN	NAN	NAN	NAN	NAN	NAN	NONE	NAN	NAN	NONE	NONE	NAN	ACX	E	ANG002	0.00000000	0.00000000	GULNERI	S1	159.00000000	51.00000000	NAN	NAN	159.00000000	51.00000000	NAN	NAN	NAN		PLANE	1.00 0.00 0.67	   	NAN	NAN	NAN	NAN	NAN	NAN	NAN	NAN	NAN	0.22866228	-0.71400712	-0.66174572	NAN	NAN	NAN	NAN	NAN	NAN	NAN	NAN	162.24222696	41.43314739		NAN	NAN	NAN	NAN	NAN	NAN	NAN	NAN	NAN	NAN	NAN	NAN	NAN	NAN	NAN
GRP_024	23	0.11920590	-0.51633747	0.84804810	0.19076931	-0.82631268	-0.52991926	0.97437006	0.22495105	0.00000000	NAN	NAN	NAN	NAN	NAN	NAN	NAN	NAN	NAN	NAN	NONE	NAN	NAN	NONE	NONE	NAN	AAX	E	ANG002	0.00000000	0.00000000	GULNERI	S1	167.00000000	32.00000000	NAN	NAN	167.00000000	32.00000000	NAN	NAN	NAN		PLANE	0.00 0.00 0.00	   	NAN	NAN	NAN	NAN	NAN	NAN	NAN	NAN	NAN	0.22866228	-0.71400712	-0.66174572	NAN	NAN	NAN	NAN	NAN	NAN	NAN	NAN	162.24222696	41.43314739		NAN	NAN	NAN	NAN	NAN	NAN	NAN	NAN	NAN	NAN	NAN	NAN	NAN	NAN	NAN
GRP_025	24	-0.00253215	-0.18721702	0.98231531	-0.01328479	-0.98222548	-0.18723415	0.99990855	-0.01352396	0.00000000	NAN	NAN	NAN	NAN	NAN	NAN	NAN	NAN	NAN	NAN	NONE	NAN	NAN	NONE	NONE	NAN	BCX	F	ANG002	0.00000000	0.00000000	GULNERI	S1	322.00000000	54.00000000	NAN	NAN	180.77488940	10.79141603	NAN	NAN	NAN		PLANE	1.00 0.00 0.67	   	NAN	NAN	NAN	NAN	NAN	NAN	NAN	NAN	NAN	-0.60404379	0.71408551	-0.35385448	0.91431239	0.40500946	-0.00044721	0.00040889	0.00018113	0.99999990	66.10827755	0.02562345	319.77217202	20.72325464	NORMAL	NAN	NAN	NAN	NAN	NAN	NAN	NAN	NAN	NAN	NAN	NAN	NAN	NAN	NAN	NAN
GRP_026	25	-0.39454206	0.65662825	0.64278761	-0.33106009	0.55097652	-0.76604444	-0.85716730	-0.51503807	0.00000000	NAN	NAN	NAN	NAN	NAN	NAN	NAN	NAN	NAN	NAN	NONE	NAN	NAN	NONE	NONE	NAN	BAX	F	ANG002	0.00000000	0.00000000	GULNERI	S1	149.00000000	67.00000000	NAN	NAN	328.99999999	50.00000001	NAN	NAN	NAN		PLANE	0.00 0.00 0.00	   	NAN	NAN	NAN	NAN	NAN	NAN	NAN	NAN	NAN	-0.60404379	0.71408551	-0.35385448	0.91431239	0.40500946	-0.00044721	0.00040889	0.00018113	0.99999990	66.10827755	0.02562345	319.77217202	20.72325464	NORMAL	NAN	NAN	NAN	NAN	NAN	NAN	NAN	NAN	NAN	NAN	NAN	NAN	NAN	NAN	NAN
GRP_027	26	-0.17486145	-0.07484197	0.98174444	-0.90254978	-0.38629786	-0.19020475	0.39348108	-0.91933271	0.00000000	NAN	NAN	NAN	NAN	NAN	NAN	NAN	NAN	NAN	NAN	NONE	NAN	NAN	NONE	NONE	NAN	BCX	F	ANG002	0.00000000	0.00000000	GULNERI	S2	317.00000000	65.00000000	NAN	NAN	246.82872350	10.96473361	NAN	NAN	NAN		PLANE	1.00 0.00 0.67	   	NAN	NAN	NAN	NAN	NAN	NAN	NAN	NAN	NAN	-0.69781164	0.65388917	-0.29238308	0.91431239	0.40500946	-0.00044721	0.00040889	0.00018113	0.99999990	66.10827755	0.02562345	313.13887323	17.00068183	NORMAL	NAN	NAN	NAN	NAN	NAN	NAN	NAN	NAN	NAN	NAN	NAN	NAN	NAN	NAN	NAN
GRP_028	27	-0.23528029	0.45916810	0.85662585	-0.39064214	0.76236904	-0.51593814	-0.88996736	-0.45602423	0.00000000	NAN	NAN	NAN	NAN	NAN	NAN	NAN	NAN	NAN	NAN	NONE	NAN	NAN	NONE	NONE	NAN	BAX	F	ANG002	0.00000000	0.00000000	GULNERI	S2	151.00000000	86.00000000	NAN	NAN	332.86914572	31.06018196	NAN	NAN	NAN		PLANE	0.00 0.00 0.00	   	NAN	NAN	NAN	NAN	NAN	NAN	NAN	NAN	NAN	-0.69781164	0.65388917	-0.29238308	0.91431239	0.40500946	-0.00044721	0.00040889	0.00018113	0.99999990	66.10827755	0.02562345	313.13887323	17.00068183	NORMAL	NAN	NAN	NAN	NAN	NAN	NAN	NAN	NAN	NAN	NAN	NAN	NAN	NAN	NAN	NAN
GRP_029	28	-0.20594945	0.18578279	0.96076510	-0.71339294	0.64353718	-0.27736334	-0.66981739	-0.74252586	0.00000000	NAN	NAN	NAN	NAN	NAN	NAN	NAN	NAN	NAN	NAN	NONE	NAN	NAN	NONE	NONE	NAN	CCX	F	ANG002	0.00000000	0.00000000	GULNERI	S2	317.00000000	74.00000000	NAN	NAN	312.05297271	16.10290337	NAN	NAN	NAN		PLANE	1.00 0.00 0.67	   	NAN	NAN	NAN	NAN	NAN	NAN	NAN	NAN	NAN	-0.93680778	0.21487196	-0.27608190	0.83354271	0.55245484	-0.00044721	0.00037277	0.00024707	0.99999990	56.46440715	0.02562345	282.91826550	16.02649857	NORMAL	NAN	NAN	NAN	NAN	NAN	NAN	NAN	NAN	NAN	NAN	NAN	NAN	NAN	NAN	NAN
GRP_030	29	-0.32702436	-0.06353666	0.94287759	-0.92557041	-0.17982650	-0.33313937	0.19072094	-0.98164430	0.00000000	NAN	NAN	NAN	NAN	NAN	NAN	NAN	NAN	NAN	NAN	NONE	NAN	NAN	NONE	NONE	NAN	CAX	G	ANG002	0.00000000	0.00000000	GULNERI	S2	301.00000000	69.00000000	NAN	NAN	259.00513943	19.45943381	NAN	NAN	NAN		PLANE	0.00 0.00 0.00	   	NAN	NAN	NAN	NAN	NAN	NAN	NAN	NAN	NAN	-0.93680778	0.21487196	-0.27608190	0.83354271	0.55245484	-0.00044721	0.00037277	0.00024707	0.99999990	56.46440715	0.02562345	282.91826550	16.02649857	NORMAL	NAN	NAN	NAN	NAN	NAN	NAN	NAN	NAN	NAN	NAN	NAN	NAN	NAN	NAN	NAN
GRP_031	30	0.67351794	-0.60643828	0.42261826	0.31406657	-0.28278681	-0.90630779	0.66913061	0.74314483	0.00000000	NAN	NAN	NAN	NAN	NAN	NAN	NAN	NAN	NAN	NAN	NONE	NAN	NAN	NONE	NONE	NAN	DCX	G	ANG002	0.00000000	0.00000000	GULNERI	S3	132.00000000	65.00000000	NAN	NAN	132.00000000	65.00000000	NAN	NAN	NAN		PLANE	1.00 0.00 0.67	   	NAN	NAN	NAN	NAN	NAN	NAN	NAN	NAN	NAN	0.32692652	-0.37195916	-0.86877237	NAN	NAN	NAN	NAN	NAN	NAN	NAN	NAN	138.68675202	60.31629271		NAN	NAN	NAN	NAN	NAN	NAN	NAN	NAN	NAN	NAN	NAN	NAN	NAN	NAN	NAN
GRP_032	31	0.46359193	-0.68730330	0.55919290	0.31269670	-0.46359193	-0.82903757	0.82903757	0.55919290	-0.00000000	NAN	NAN	NAN	NAN	NAN	NAN	NAN	NAN	NAN	NAN	NONE	NAN	NAN	NONE	NONE	NAN	DAX	G	ANG002	0.00000000	0.00000000	GULNERI	S3	146.00000000	56.00000000	NAN	NAN	146.00000000	56.00000000	NAN	NAN	NAN		PLANE	0.00 0.00 0.00	   	NAN	NAN	NAN	NAN	NAN	NAN	NAN	NAN	NAN	0.32692652	-0.37195916	-0.86877237	NAN	NAN	NAN	NAN	NAN	NAN	NAN	NAN	138.68675202	60.31629271		NAN	NAN	NAN	NAN	NAN	NAN	NAN	NAN	NAN	NAN	NAN	NAN	NAN	NAN	NAN
GRP_033	32	-0.33682409	0.92541658	0.17364818	-0.05939117	0.16317591	-0.98480775	-0.93969262	-0.34202014	-0.00000000	NAN	NAN	NAN	NAN	NAN	NAN	NAN	NAN	NAN	NAN	NONE	NAN	NAN	NONE	NONE	NAN	EXX	G	ANG002	0.00000000	0.00000000	GULNERI	S3	340.00000000	80.00000000	NAN	NAN	340.00000000	80.00000000	NAN	NAN	NAN		PLANE	0.00 0.00 0.00	   	NAN	NAN	NAN	NAN	NAN	NAN	NAN	NAN	NAN	-0.05939117	0.16317591	-0.98480775	NAN	NAN	NAN	NAN	NAN	NAN	NAN	NAN	339.99999998	80.00000000		NAN	NAN	NAN	NAN	NAN	NAN	NAN	NAN	NAN	NAN	NAN	NAN	NAN	NAN	NAN
GRP_034	33	0.08959838	-0.05383614	0.99452190	0.85247165	-0.51221664	-0.10452846	0.51503807	0.85716730	0.00000000	0.09613788	-0.03680003	0.99468752	0.92895611	-0.35558938	-0.10294044	0.35748853	0.93391753	-0.00000000	80.00000000	E	80.00000001	NAN	PITCH	NORMAL	NAN	ACA		ANG002	0.00000000	0.00000000	GULNERI	STRIAE	151.00000000	6.00000000	NAN	NAN	120.99999999	6.00000000	110.94603799	5.90851949	30.00000000		STRIAE	1.00 0.00 0.67	   	NAN	NAN	NAN	NAN	NAN	NAN	NAN	NAN	NAN	NAN	NAN	NAN	NAN	NAN	NAN	NAN	NAN	NAN	NAN	NAN	NAN	NAN		NAN	NAN	NAN	NAN	NAN	NAN	0.29869155	-0.42057760	-0.04967669	-0.08123150	0.04880881	-0.90165138	0.86602540	33.50255449	31.18672283
GRP_035	34	0.72691910	-0.45422947	0.51503807	0.43677706	-0.27292860	-0.85716730	0.52991926	0.84804810	0.00000000	0.53239318	-0.65508648	0.53611493	0.33812192	-0.41604421	-0.84414500	0.77603548	0.63068925	-0.00000000	80.00000000	S	100.00000000	NAN	PITCH	NORMAL	NAN	ABA		ANG002	0.00000000	0.00000000	GULNERI	STRIAE	152.00000000	59.00000000	NAN	NAN	121.99999999	59.00000000	140.89900763	57.58044546	30.00000000		STRIAE	0.00 0.00 1.00	   	NAN	NAN	NAN	NAN	NAN	NAN	NAN	NAN	NAN	NAN	NAN	NAN	NAN	NAN	NAN	NAN	NAN	NAN	NAN	NAN	NAN	NAN		NAN	NAN	NAN	NAN	NAN	NAN	0.09985616	-0.48878600	-0.57201277	0.44764000	-0.27971652	0.31716273	0.86602540	18.45144833	9.12634347
GRP_036	35	0.10220823	-0.06637480	0.99254615	0.83241924	-0.54057938	-0.12186934	0.54463903	0.83867057	0.00000000	0.04336235	-0.09381444	0.99464494	0.41731684	-0.90286500	-0.10335106	0.90772593	0.41956363	-0.00000000	58.00000000	W	122.00000001	NAN	PITCH	NORMAL	NAN	ACA		ANG002	0.00000000	0.00000000	GULNERI	STRIAE	153.00000000	7.00000000	NAN	NAN	122.99999999	7.00000000	155.19295947	5.93217265	30.00000000		STRIAE	1.00 0.00 0.67	   	NAN	NAN	NAN	NAN	NAN	NAN	NAN	NAN	NAN	NAN	NAN	NAN	NAN	NAN	NAN	NAN	NAN	NAN	NAN	NAN	NAN	NAN		NAN	NAN	NAN	NAN	NAN	NAN	0.31802873	-0.44370343	-0.06242116	-0.09073840	0.05892620	-0.88116238	0.86602540	10.77648515	13.50939964
GRP_037	36	0.76867025	-0.51847463	0.37460659	0.31056294	-0.20947735	-0.92718385	0.55919290	0.82903757	0.00000000	0.40365900	-0.81213800	0.42129714	0.18751365	-0.37726637	-0.90692266	0.89548760	0.44508646	-0.00000000	78.00000000	W	102.00000000	NAN	PITCH	NORMAL	NAN	ABA		ANG002	0.00000000	0.00000000	GULNERI	STRIAE	154.00000000	68.00000000	NAN	NAN	123.99999999	68.00000000	153.57112957	65.08349126	30.00000000		STRIAE	0.00 0.00 1.00	   	NAN	NAN	NAN	NAN	NAN	NAN	NAN	NAN	NAN	NAN	NAN	NAN	NAN	NAN	NAN	NAN	NAN	NAN	NAN	NAN	NAN	NAN		NAN	NAN	NAN	NAN	NAN	NAN	-0.05458747	-0.36553961	-0.39391524	0.62317755	-0.42033856	0.30370164	0.86602540	26.13714904	23.30891902
GRP_038	37	0.44550326	-0.77163428	0.45399050	0.22699525	-0.39316731	-0.89100652	0.86602540	0.50000000	0.00000000	0.07461353	-0.86833613	0.49033171	0.04197805	-0.48853150	-0.87153589	0.99632859	0.08561154	-0.00000000	78.00000000	W	102.00000000	NAN	PITCH	NORMAL	NAN	ABA		ANG002	0.00000000	0.00000000	GULNERI	STRIAE	180.00000000	63.00000000	NAN	NAN	149.99999999	63.00000000	175.08880824	60.63761377	30.00000000		STRIAE	0.00 0.00 1.00	   	NAN	NAN	NAN	NAN	NAN	NAN	NAN	NAN	NAN	NAN	NAN	NAN	NAN	NAN	NAN	NAN	NAN	NAN	NAN	NAN	NAN	NAN		NAN	NAN	NAN	NAN	NAN	NAN	0.21153588	-0.18454841	-0.52125276	0.36893620	-0.63901624	0.37596477	0.86602540	20.83405023	16.41033372
GRP_039	38	0.06747246	-0.12172354	0.99026807	0.48009149	-0.86610797	-0.13917310	0.87461971	0.48480962	0.00000000	-0.00467919	-0.11920283	0.99285890	-0.03894373	-0.99209484	-0.11929463	0.99923045	-0.03922383	-0.00000000	59.00000000	W	121.00000001	NAN	PITCH	NORMAL	NAN	ACA		ANG002	0.00000000	0.00000000	GULNERI	STRIAE	181.00000000	8.00000000	NAN	NAN	150.99999999	8.00000000	182.24793647	6.85139551	30.00000000		STRIAE	1.00 0.00 0.67	   	NAN	NAN	NAN	NAN	NAN	NAN	NAN	NAN	NAN	NAN	NAN	NAN	NAN	NAN	NAN	NAN	NAN	NAN	NAN	NAN	NAN	NAN		NAN	NAN	NAN	NAN	NAN	NAN	0.29727084	-0.50755627	-0.08264342	-0.05776340	0.10420794	-0.84777192	0.86602540	32.34389452	26.97669800
GRP_040	39	0.45921248	-0.86365307	0.20791169	0.09760863	-0.18357513	-0.97814760	0.88294759	0.46947156	0.00000000	-0.54541287	-0.69886479	0.46272325	-0.28468632	-0.36478282	-0.88650279	0.78833908	-0.61524101	-0.00000000	65.00000000	W	115.00000000	NAN	PITCH	NORMAL	NAN	ABB		ANG002	0.00000000	0.00000000	GULNERI	STRIAE	182.00000000	78.00000000	NAN	NAN	151.99999999	78.00000000	217.96943424	62.43702594	30.00000000		STRIAE	0.00 0.00 1.00	   	NAN	NAN	NAN	NAN	NAN	NAN	NAN	NAN	NAN	NAN	NAN	NAN	NAN	NAN	NAN	NAN	NAN	NAN	NAN	NAN	NAN	NAN		NAN	NAN	NAN	NAN	NAN	NAN	0.12810637	0.04877588	-0.08033511	0.45886471	-0.86299901	0.20775424	0.86602540	83.87427665	86.12656013
GRP_041	40	0.07101976	-0.13938413	0.98768834	0.44840112	-0.88003676	-0.15643447	0.89100652	0.45399050	0.00000000	0.04472813	-0.14742192	0.98806183	0.28686724	-0.94550164	-0.15405787	0.95692559	0.29033329	-0.00000000	80.00000000	W	100.00000001	NAN	PITCH	NORMAL	NAN	ACA		ANG002	0.00000000	0.00000000	GULNERI	STRIAE	183.00000000	9.00000000	NAN	NAN	152.99999999	9.00000000	163.12208916	8.86216014	30.00000000		STRIAE	1.00 0.00 0.67	   	NAN	NAN	NAN	NAN	NAN	NAN	NAN	NAN	NAN	NAN	NAN	NAN	NAN	NAN	NAN	NAN	NAN	NAN	NAN	NAN	NAN	NAN		NAN	NAN	NAN	NAN	NAN	NAN	0.30763124	-0.53172443	-0.09715802	-0.05931116	0.11640471	-0.82485415	0.86602540	13.01419375	10.07450586
GRP_042	41	0.38340804	-0.78610299	0.48480962	0.21252655	-0.43574400	-0.87461971	0.89879405	0.43837115	0.00000000	0.49050597	-0.72155475	0.48863344	0.27470555	-0.40410332	-0.87248918	0.82700711	0.56219147	-0.00000000	86.00000000	E	86.00000000	NAN	PITCH	NORMAL	NAN	ABA		ANG002	0.00000000	0.00000000	GULNERI	STRIAE	184.00000000	61.00000000	NAN	NAN	153.99999999	61.00000000	145.79251180	60.74919917	30.00000000		STRIAE	0.00 0.00 1.00	   	NAN	NAN	NAN	NAN	NAN	NAN	NAN	NAN	NAN	NAN	NAN	NAN	NAN	NAN	NAN	NAN	NAN	NAN	NAN	NAN	NAN	NAN		NAN	NAN	NAN	NAN	NAN	NAN	0.27451396	-0.20834354	-0.55491955	0.29534887	-0.60555492	0.37346106	0.86602540	9.76244007	7.12086226
GRP_043	42	0.71062390	-0.42698592	0.55919290	0.47932187	-0.28800564	-0.82903757	0.51503807	0.85716730	0.00000000	0.73540682	-0.38163201	0.55994091	0.49700445	-0.25791548	-0.82853255	0.46061197	0.88760161	-0.00000000	88.00000000	E	88.00000000	NAN	PITCH	NORMAL	NAN	ABA		ANG002	0.00000000	0.00000000	GULNERI	STRIAE	151.00000000	56.00000000	NAN	NAN	120.99999999	56.00000000	117.42660371	55.94828871	30.00000000		STRIAE	0.00 0.00 1.00	   	NAN	NAN	NAN	NAN	NAN	NAN	NAN	NAN	NAN	NAN	NAN	NAN	NAN	NAN	NAN	NAN	NAN	NAN	NAN	NAN	NAN	NAN		NAN	NAN	NAN	NAN	NAN	NAN	0.15874161	-0.53015171	-0.60654005	0.37781587	-0.22701468	0.29730488	0.86602540	28.99328418	20.81318433
GRP_044	43	0.11802548	-0.07375051	0.99026807	0.83979495	-0.52476213	-0.13917310	0.52991926	0.84804810	0.00000000	0.07785223	-0.10402235	0.99152326	0.59411005	-0.79382091	-0.12992928	0.80060745	0.59918922	-0.00000000	69.00000000	W	111.00000001	NAN	PITCH	NORMAL	NAN	ACA		ANG002	0.00000000	0.00000000	GULNERI	STRIAE	152.00000000	8.00000000	NAN	NAN	121.99999999	8.00000000	143.18814835	7.46550587	30.00000000		STRIAE	1.00 0.00 0.67	   	NAN	NAN	NAN	NAN	NAN	NAN	NAN	NAN	NAN	NAN	NAN	NAN	NAN	NAN	NAN	NAN	NAN	NAN	NAN	NAN	NAN	NAN		NAN	NAN	NAN	NAN	NAN	NAN	0.33861670	-0.46007797	-0.07462261	-0.10273086	0.06419336	-0.86194172	0.86602540	0.45555046	9.70907767
GRP_045	44	0.64245893	-0.41721771	0.64278761	0.53908705	-0.35008722	-0.76604444	0.54463903	0.83867057	0.00000000	0.68214657	-0.34444838	0.64500494	0.57576596	-0.29073173	-0.76417840	0.45074341	0.89265356	-0.00000000	86.00000000	N	86.00000000	NAN	PITCH	NORMAL	NAN	ABA		ANG002	0.00000000	0.00000000	GULNERI	STRIAE	153.00000000	50.00000000	NAN	NAN	122.99999999	50.00000000	116.79139031	49.83395389	30.00000000		STRIAE	0.00 0.00 1.00	   	NAN	NAN	NAN	NAN	NAN	NAN	NAN	NAN	NAN	NAN	NAN	NAN	NAN	NAN	NAN	NAN	NAN	NAN	NAN	NAN	NAN	NAN		NAN	NAN	NAN	NAN	NAN	NAN	0.27399264	-0.58457796	-0.65328779	0.24741549	-0.16067350	0.24754207	0.86602540	25.79669436	18.62384433
GRP_046	45	0.10103426	-0.06814847	0.99254615	0.82285805	-0.55502476	-0.12186934	0.55919290	0.82903757	0.00000000	0.08447233	-0.08471024	0.99281851	0.70104080	-0.70301522	-0.11963026	0.70810044	0.70611173	-0.00000000	79.00000000	W	101.00000001	NAN	PITCH	NORMAL	NAN	ACA		ANG002	0.00000000	0.00000000	GULNERI	STRIAE	154.00000000	7.00000000	NAN	NAN	123.99999999	7.00000000	135.08057102	6.87076434	30.00000000		STRIAE	1.00 0.00 0.67	   	NAN	NAN	NAN	NAN	NAN	NAN	NAN	NAN	NAN	NAN	NAN	NAN	NAN	NAN	NAN	NAN	NAN	NAN	NAN	NAN	NAN	NAN		NAN	NAN	NAN	NAN	NAN	NAN	0.31728411	-0.44581087	-0.06290679	-0.08961213	0.06044414	-0.88033671	0.86602540	9.41993637	12.95983217
GRP_047	46	0.44147380	-0.76465505	0.46947156	0.23473578	-0.40657430	-0.88294759	0.86602540	0.50000000	0.00000000	0.05722340	-0.85841251	0.50975823	0.03390619	-0.50862935	-0.86031770	0.99778547	0.06651426	-0.00000000	77.00000000	W	103.00000000	NAN	PITCH	NORMAL	NAN	ABA		ANG002	0.00000000	0.00000000	GULNERI	STRIAE	180.00000000	62.00000000	NAN	NAN	149.99999999	62.00000000	176.18619798	59.35227333	30.00000000		STRIAE	0.00 0.00 1.00	   	NAN	NAN	NAN	NAN	NAN	NAN	NAN	NAN	NAN	NAN	NAN	NAN	NAN	NAN	NAN	NAN	NAN	NAN	NAN	NAN	NAN	NAN		NAN	NAN	NAN	NAN	NAN	NAN	0.22203903	-0.20474180	-0.54227196	0.35635846	-0.61723096	0.37895831	0.86602540	21.32960758	15.45230454
GRP_048	47	0.05067640	-0.09142265	0.99452190	0.48215378	-0.86982845	-0.10452846	0.87461971	0.48480962	0.00000000	0.04056399	-0.09571510	0.99458191	0.38808984	-0.91573984	-0.10395585	0.92072843	0.39020400	-0.00000000	84.00000000	W	96.00000001	NAN	PITCH	NORMAL	NAN	ACA		ANG002	0.00000000	0.00000000	GULNERI	STRIAE	181.00000000	6.00000000	NAN	NAN	150.99999999	6.00000000	157.03280660	5.96701169	30.00000000		STRIAE	1.00 0.00 0.67	   	NAN	NAN	NAN	NAN	NAN	NAN	NAN	NAN	NAN	NAN	NAN	NAN	NAN	NAN	NAN	NAN	NAN	NAN	NAN	NAN	NAN	NAN		NAN	NAN	NAN	NAN	NAN	NAN	0.26592212	-0.45979381	-0.05581732	-0.04538008	0.08186784	-0.89058184	0.86602540	7.03726355	13.52813120
GRP_049	48	0.41060908	-0.77224337	0.48480962	0.22760433	-0.42806149	-0.87461971	0.88294759	0.46947156	0.00000000	0.70795282	-0.46099876	0.53505415	0.44837255	-0.29196746	-0.84481776	0.54567834	0.83799472	-0.00000000	75.00000000	S	75.00000000	NAN	PITCH	NORMAL	NAN	ABA		ANG002	0.00000000	0.00000000	GULNERI	STRIAE	182.00000000	61.00000000	NAN	NAN	151.99999999	61.00000000	123.07103146	57.65241598	30.00000000		STRIAE	0.00 0.00 1.00	   	NAN	NAN	NAN	NAN	NAN	NAN	NAN	NAN	NAN	NAN	NAN	NAN	NAN	NAN	NAN	NAN	NAN	NAN	NAN	NAN	NAN	NAN		NAN	NAN	NAN	NAN	NAN	NAN	0.25351925	-0.21599245	-0.55876789	0.31978689	-0.60143167	0.37757509	0.86602540	4.15059574	5.70509082
GRP_050	49	0.03956788	-0.07765634	0.99619470	0.45226293	-0.88761598	-0.08715574	0.89100652	0.45399050	0.00000000	0.05553803	-0.06377365	0.99641781	0.65438277	-0.75141975	-0.08456684	0.75412115	0.65673533	-0.00000000	76.00000000	S	76.00000001	NAN	PITCH	NORMAL	NAN	ACA		ANG002	0.00000000	0.00000000	GULNERI	STRIAE	183.00000000	5.00000000	NAN	NAN	152.99999999	5.00000000	138.94863708	4.85111722	30.00000000		STRIAE	1.00 0.00 0.67	   	NAN	NAN	NAN	NAN	NAN	NAN	NAN	NAN	NAN	NAN	NAN	NAN	NAN	NAN	NAN	NAN	NAN	NAN	NAN	NAN	NAN	NAN		NAN	NAN	NAN	NAN	NAN	NAN	0.24679635	-0.43568265	-0.04376527	-0.03615237	0.07095303	-0.91020300	0.86602540	11.47983982	17.25908191
GRP_051	50	0.39059155	-0.80083136	0.45399050	0.19901634	-0.40804396	-0.89100652	0.89879405	0.43837115	0.00000000	0.53303887	-0.70974057	0.46058428	0.27659408	-0.36828466	-0.88761598	0.79960320	0.60052870	-0.00000000	85.00000000	S	85.00000000	NAN	PITCH	NORMAL	NAN	ABA		ANG002	0.00000000	0.00000000	GULNERI	STRIAE	184.00000000	63.00000000	NAN	NAN	153.99999999	63.00000000	143.09222734	62.57518346	30.00000000		STRIAE	0.00 0.00 1.00	   	NAN	NAN	NAN	NAN	NAN	NAN	NAN	NAN	NAN	NAN	NAN	NAN	NAN	NAN	NAN	NAN	NAN	NAN	NAN	NAN	NAN	NAN		NAN	NAN	NAN	NAN	NAN	NAN	0.25665949	-0.16642694	-0.51439170	0.31741096	-0.65078891	0.36893158	0.86602540	10.28076075	10.18749155
GRP_052	51	-0.75073211	0.44921826	0.48435964	-0.41563290	0.24870374	-0.87486899	-0.51346918	-0.85810804	0.00000000	0.75132870	-0.44821938	0.48435997	0.41596356	-0.24815095	0.87486880	-0.27193877	-0.45583794	-0.00000000	88.00000000	E	89.96309325	NAN	PITCH	REVERSE	NAN	BAB		ANG002	0.00000000	0.00000000	GULNERI	STRIAE	151.00000000	56.00000000	NAN	NAN	300.89518749	61.02947388	300.81899052	61.02945241	30.00000000		STRIAE	0.00 0.00 0.00	   	NAN	NAN	NAN	NAN	NAN	NAN	NAN	NAN	NAN	NAN	NAN	NAN	0.91431239	0.40500946	-0.00044721	0.00040889	0.00018113	0.99999990	66.10827755	0.02562345	NAN	NAN	NORMAL	NAN	NAN	NAN	NAN	NAN	NAN	0.53433983	-0.14563635	0.96326889	-0.17304794	0.10354731	0.11164760	0.86602540	7.69009326	8.93579149
GRP_053	52	0.82336221	-0.46472504	0.32573810	0.28367189	-0.16011110	-0.94546004	0.49153324	0.87085881	0.00000000	0.10497042	-0.85848366	0.50198308	0.06092583	-0.49827207	-0.86487744	0.99260730	0.12137029	-0.00000000	69.00000000	W	113.82707117	NAN	PITCH	NORMAL	NAN	BBA		ANG002	0.00000000	0.00000000	GULNERI	STRIAE	152.00000000	8.00000000	NAN	NAN	119.44140697	70.98970159	173.02880775	59.86871360	30.00000000		STRIAE	0.00 0.00 1.00	   	NAN	NAN	NAN	NAN	NAN	NAN	NAN	NAN	NAN	NAN	NAN	NAN	0.91431239	0.40500946	-0.00044721	0.00040889	0.00018113	0.99999990	66.10827755	0.02562345	NAN	NAN	NORMAL	NAN	NAN	NAN	NAN	NAN	NAN	0.06657523	-0.39118408	-0.72637671	-1.53165021	0.86449948	-0.60595060	0.86602540	1.98512318	0.26899115
GRP_054	53	-0.77844418	0.49259556	0.38906847	-0.32877245	0.20804555	-0.92120884	-0.53472735	-0.84502465	0.00000000	0.77552628	-0.49717225	0.38907420	0.32754577	-0.20998214	0.92120642	-0.37629964	-0.58698018	-0.00000000	86.00000000	N	90.13134514	NAN	PITCH	REVERSE	NAN	BAB		ANG002	0.00000000	0.00000000	GULNERI	STRIAE	153.00000000	50.00000000	NAN	NAN	302.32542282	67.10345074	302.66300826	67.10309428	30.00000000		STRIAE	0.00 0.00 0.00	   	NAN	NAN	NAN	NAN	NAN	NAN	NAN	NAN	NAN	NAN	NAN	NAN	0.91431239	0.40500946	-0.00044721	0.00040889	0.00018113	0.99999990	66.10827755	0.02562345	NAN	NAN	NORMAL	NAN	NAN	NAN	NAN	NAN	NAN	0.53506107	-0.06556473	1.15355550	0.00889346	-0.00562773	-0.00444497	0.86602540	10.57041339	23.47432785
GRP_055	54	0.81654008	-0.46475982	0.34243335	0.29760300	-0.16939024	-0.93954212	0.49466630	0.86908300	0.00000000	0.32251214	-0.84484128	0.42688304	0.15224364	-0.39881199	-0.90430685	0.93424183	0.35664016	-0.00000000	79.00000000	W	105.74109875	NAN	PITCH	NORMAL	NAN	BBA		ANG002	0.00000000	0.00000000	GULNERI	STRIAE	154.00000000	7.00000000	NAN	NAN	119.64774800	69.97480375	159.10600038	64.73008816	30.00000000		STRIAE	0.00 0.00 1.00	   	NAN	NAN	NAN	NAN	NAN	NAN	NAN	NAN	NAN	NAN	NAN	NAN	0.91431239	0.40500946	-0.00044721	0.00040889	0.00018113	0.99999990	66.10827755	0.02562345	NAN	NAN	NORMAL	NAN	NAN	NAN	NAN	NAN	NAN	0.05752407	-0.40108728	-0.68153399	-1.53882457	0.87587107	-0.64533862	0.86602540	8.07133316	2.18854942
GRP_056	55	-0.44590268	0.76711001	0.46120823	-0.23177714	0.39873850	-0.88729193	-0.86455200	-0.50254337	0.00000000	0.63452254	0.05274219	0.77110272	0.76845263	0.06387460	0.63671076	-0.01567236	0.18854859	0.00000000	77.00000000	W	45.85576514	NAN	PITCH	REVERSE	NAN	BCA		ANG002	0.00000000	0.00000000	GULNERI	STRIAE	180.00000000	62.00000000	NAN	NAN	329.83158888	62.53490023	265.24843699	39.54698409	30.00000000		STRIAE	1.00 0.00 0.67	   	NAN	NAN	NAN	NAN	NAN	NAN	NAN	NAN	NAN	NAN	NAN	NAN	0.91431239	0.40500946	-0.00044721	0.00040889	0.00018113	0.99999990	66.10827755	0.02562345	NAN	NAN	NORMAL	NAN	NAN	NAN	NAN	NAN	NAN	0.71845842	0.07703478	0.56648681	-0.26314901	0.45270919	0.27218157	0.86602540	1.80067632	0.40457110
GRP_057	56	0.78336667	-0.49755950	0.37252007	0.31445282	-0.19972638	-0.92802414	0.53614931	0.84412316	0.00000000	-0.07490763	-0.74142660	0.66683989	-0.06703077	-0.66346237	-0.74520102	0.99493503	-0.10052003	-0.00000000	84.00000000	W	126.58270086	NAN	PITCH	NORMAL	NAN	BBA		ANG002	0.00000000	0.00000000	GULNERI	STRIAE	181.00000000	6.00000000	NAN	NAN	122.42188838	68.12887912	185.76911688	48.17636782	30.00000000		STRIAE	0.00 0.00 1.00	   	NAN	NAN	NAN	NAN	NAN	NAN	NAN	NAN	NAN	NAN	NAN	NAN	0.91431239	0.40500946	-0.00044721	0.00040889	0.00018113	0.99999990	66.10827755	0.02562345	NAN	NAN	NORMAL	NAN	NAN	NAN	NAN	NAN	NAN	-0.04168594	-0.51504729	-0.60026644	-1.48340091	0.94218997	-0.70541247	0.86602540	1.33360840	0.67493106
GRP_058	57	-0.43812535	0.78749588	0.43347019	-0.21074239	0.37879288	-0.90116791	-0.87386144	-0.48617505	0.00000000	0.78019836	-0.35957903	0.51185295	0.46485781	-0.21424439	0.85907308	-0.19924304	-0.43230856	-0.00000000	75.00000000	S	72.41856406	NAN	PITCH	REVERSE	NAN	BCB		ANG002	0.00000000	0.00000000	GULNERI	STRIAE	182.00000000	61.00000000	NAN	NAN	330.91051257	64.31201048	294.74410459	59.21266710	30.00000000		STRIAE	1.00 0.00 0.67	   	NAN	NAN	NAN	NAN	NAN	NAN	NAN	NAN	NAN	NAN	NAN	NAN	0.91431239	0.40500946	-0.00044721	0.00040889	0.00018113	0.99999990	66.10827755	0.02562345	NAN	NAN	NORMAL	NAN	NAN	NAN	NAN	NAN	NAN	0.75469638	0.09216921	0.59535523	-0.25096589	0.45109146	0.24829933	0.86602540	29.25070092	25.77279439
GRP_059	58	0.78138870	-0.48885433	0.38788291	0.32883202	-0.20572470	-0.92170866	0.53037836	0.84776105	0.00000000	0.25265104	-0.83557595	0.48783224	0.14119148	-0.46695316	-0.87293740	0.95720030	0.28942630	-0.00000000	76.00000000	S	108.72218933	NAN	PITCH	NORMAL	NAN	BBA		ANG002	0.00000000	0.00000000	GULNERI	STRIAE	183.00000000	5.00000000	NAN	NAN	122.03102281	67.17716820	163.17638773	60.80179995	30.00000000		STRIAE	0.00 0.00 1.00	   	NAN	NAN	NAN	NAN	NAN	NAN	NAN	NAN	NAN	NAN	NAN	NAN	0.91431239	0.40500946	-0.00044721	0.00040889	0.00018113	0.99999990	66.10827755	0.02562345	NAN	NAN	NORMAL	NAN	NAN	NAN	NAN	NAN	NAN	-0.03485125	-0.49789911	-0.55730159	-1.50032638	0.93863790	-0.74476501	0.86602540	17.35757649	8.41864479
GRP_060	59	-0.39583284	0.80373665	0.44421139	-0.19625978	0.39850453	-0.89592200	-0.89710560	-0.44181618	0.00000000	0.76171925	-0.15637120	0.62875418	0.61591002	-0.12643843	0.77760412	-0.04209620	-0.20506003	-0.00000000	85.00000000	S	60.21981799	NAN	PITCH	REVERSE	NAN	BCB		ANG002	0.00000000	0.00000000	GULNERI	STRIAE	184.00000000	63.00000000	NAN	NAN	333.78018197	63.62710502	281.60091627	51.04173175	30.00000000		STRIAE	1.00 0.00 0.67	   	NAN	NAN	NAN	NAN	NAN	NAN	NAN	NAN	NAN	NAN	NAN	NAN	0.91431239	0.40500946	-0.00044721	0.00040889	0.00018113	0.99999990	66.10827755	0.02562345	NAN	NAN	NORMAL	NAN	NAN	NAN	NAN	NAN	NAN	0.73062864	0.08003473	0.50624537	-0.25742947	0.52270929	0.28889241	0.86602540	20.93808225	11.86727504
GRP_061	60	0.81473397	-0.45578536	0.35842469	0.31280388	-0.17499139	-0.93355865	0.48822360	0.87271858	0.00000000	0.91617004	-0.12206104	0.38175066	0.37840704	-0.05041505	-0.92426535	0.13206277	0.99124136	-0.00000000	80.00000000	E	81.90880437	NAN	PITCH	NORMAL	NAN	BBB		ANG002	0.00000000	0.00000000	GULNERI	STRIAE	151.00000000	6.00000000	NAN	NAN	119.22389057	68.99651798	97.58880814	67.55783509	30.00000000		STRIAE	0.00 0.00 1.00	   	NAN	NAN	NAN	NAN	NAN	NAN	NAN	NAN	NAN	NAN	NAN	NAN	0.91431239	0.40500946	-0.00044721	0.00040889	0.00018113	0.99999990	66.10827755	0.02562345	NAN	NAN	NORMAL	NAN	NAN	NAN	NAN	NAN	NAN	0.06645390	-0.38279760	-0.63783497	-1.55852844	0.87188514	-0.68564106	0.86602540	31.91155347	24.21501106
GRP_062	61	-0.71950425	0.45011935	0.52887258	-0.44836281	0.28049421	-0.84870124	-0.53036254	-0.84777094	0.00000000	0.81800380	-0.11783558	0.56301382	0.55726160	-0.08027498	0.82644748	-0.05218899	-0.36229119	-0.00000000	80.00000000	S	76.85031149	NAN	PITCH	REVERSE	NAN	BAA		ANG002	0.00000000	0.00000000	GULNERI	STRIAE	152.00000000	59.00000000	NAN	NAN	302.02995372	58.07068861	278.19721596	55.73551902	30.00000000		STRIAE	0.00 0.00 0.00	   	NAN	NAN	NAN	NAN	NAN	NAN	NAN	NAN	NAN	NAN	NAN	NAN	0.91431239	0.40500946	-0.00044721	0.00040889	0.00018113	0.99999990	66.10827755	0.02562345	NAN	NAN	NORMAL	NAN	NAN	NAN	NAN	NAN	NAN	0.52935794	-0.14645294	0.84480950	-0.24758880	0.15489069	0.18199048	0.86602540	4.20950437	2.85992035
GRP_063	62	0.81763436	-0.46294198	0.34228465	0.29785525	-0.16864470	-0.93959630	0.49270306	0.87019750	0.00000000	-0.05481000	-0.76016788	0.64741073	-0.04655906	-0.64573439	-0.76214129	0.99741071	-0.07191580	-0.00000000	58.00000000	W	125.79283519	NAN	PITCH	NORMAL	NAN	BBA		ANG002	0.00000000	0.00000000	GULNERI	STRIAE	153.00000000	7.00000000	NAN	NAN	119.51840146	69.98387118	184.12403198	49.65333479	30.00000000		STRIAE	0.00 0.00 1.00	   	NAN	NAN	NAN	NAN	NAN	NAN	NAN	NAN	NAN	NAN	NAN	NAN	0.91431239	0.40500946	-0.00044721	0.00040889	0.00018113	0.99999990	66.10827755	0.02562345	NAN	NAN	NORMAL	NAN	NAN	NAN	NAN	NAN	NAN	0.06154468	-0.39551496	-0.68195148	-1.54179852	0.87296143	-0.64544006	0.86602540	12.40782192	4.34827839
