NAME_ID s	iID i	N.X d	N.Y d	N.Z d	D.X d	D.Y d	D.Z d	S.X d	S.Y d	S.Z d	NC.X d	NC.Y d	NC.Z d	DC.X d	DC.Y d	DC.Z d	SC.X d	SC.Y d	SC.Z d	LPITCH  d	LPITCHSENSE s	PITCHANGLE  d	MISFIT d	LINEATION s	OFFSET s	DEPTH d	GC s	COLOR s	LOC s	LOCX d	LOCY d	FORMATION s	DATATYPE s	DIPDIR d	DIP d	LDIR d	LDIP d	corr.DIPDIR d	corr.DIP d	corrL.DIPDIR d	corrL.DIP d	PALEON d	COMMENT s	DATAGROUP s	PSCOLOR s	DASHED s	ptnP.X d	ptnP.Y d	ptnP.Z d	ptnT.X d	ptnT.Y d	ptnT.Z d	ptnN.X d	ptnN.Y d	ptnN.Z d	avD.X d	avD.Y d	avD.Z d	avS0D.X d	avS0D.Y d	avS0D.Z d	avS0N.X d	avS0N.Y d	avS0N.Z d	avS0d.DIPDIR d	avS0d.DIP d	avd.DIPDIR d	avd.DIP d	avS0offset s	fold_great_circle_N.X d	fold_great_circle_N.Y d	fold_great_circle_N.Z d	SHEAR_S.X d	SHEAR_S.Y d	SHEAR_S.Z d	NORMAL_S.X d	NORMAL_S.Y d	NORMAL_S.Z d	UPSILON.X d	UPSILON.Y d	UPSILON.Z d	lambda d	ANG d	RUP d
BZ0066	0	0.56799443	-0.81118011	0.13917310	0.07982641	-0.11400393	-0.99026807	0.81915204	0.57357644	-0.00000000	NAN	NAN	NAN	NAN	NAN	NAN	NAN	NAN	NAN	NAN	NONE	NAN	NAN	NONE	NONE	NAN	ABX	A	230	0.00000000	0.00000000	LOWERFARS	FRACTURE	145.00000000	82.00000000	NAN	NAN	145.00000000	82.00000000	NAN	NAN	0.00000000		PLANE	0.00 0.00 0.00	   	NAN	NAN	NAN	NAN	NAN	NAN	NAN	NAN	NAN	0.30279289	0.09772921	-0.94803242	0.25287578	0.43799370	-0.86267918	0.43133959	0.74710208	0.50575156	30.00000000	59.61874486	72.11203494	71.44748367	NORMAL	NAN	NAN	NAN	NAN	NAN	NAN	NAN	NAN	NAN	NAN	NAN	NAN	NAN	NAN	NAN
BZ0070	1	0.78034189	-0.60966990	0.13917310	0.10966990	-0.08568352	-0.99026807	0.61566148	0.78801075	-0.00000000	NAN	NAN	NAN	NAN	NAN	NAN	NAN	NAN	NAN	NAN	NONE	NAN	NAN	NONE	NONE	NAN	ABX	A	230	0.00000000	0.00000000	LOWERFARS	FRACTURE	128.00000000	82.00000000	NAN	NAN	128.00000000	82.00000000	NAN	NAN	0.00000000		PLANE	0.00 0.00 0.00	   	NAN	NAN	NAN	NAN	NAN	NAN	NAN	NAN	NAN	0.30279289	0.09772921	-0.94803242	0.25287578	0.43799370	-0.86267918	0.43133959	0.74710208	0.50575156	30.00000000	59.61874486	72.11203494	71.44748367	NORMAL	NAN	NAN	NAN	NAN	NAN	NAN	NAN	NAN	NAN	NAN	NAN	NAN	NAN	NAN	NAN
BZ0071	2	0.52339508	0.83760722	0.15643447	0.08289764	0.13266395	-0.98768834	-0.84804810	0.52991926	-0.00000000	NAN	NAN	NAN	NAN	NAN	NAN	NAN	NAN	NAN	NAN	NONE	NAN	NAN	NONE	NONE	NAN	AAX	A	230	0.00000000	0.00000000	LOWERFARS	FRACTURE	32.00000000	81.00000000	NAN	NAN	32.00000000	81.00000000	NAN	NAN	0.00000000		PLANE	0.00 0.00 0.00	   	NAN	NAN	NAN	NAN	NAN	NAN	NAN	NAN	NAN	0.30279289	0.09772921	-0.94803242	0.25287578	0.43799370	-0.86267918	0.43133959	0.74710208	0.50575156	30.00000000	59.61874486	72.11203494	71.44748367	NORMAL	NAN	NAN	NAN	NAN	NAN	NAN	NAN	NAN	NAN	NAN	NAN	NAN	NAN	NAN	NAN
BZ0072	3	0.69840112	-0.69840112	0.15643447	0.11061587	-0.11061587	-0.98768834	0.70710678	0.70710678	-0.00000000	NAN	NAN	NAN	NAN	NAN	NAN	NAN	NAN	NAN	NAN	NONE	NAN	NAN	NONE	NONE	NAN	ABX	A	230	0.00000000	0.00000000	LOWERFARS	FRACTURE	135.00000000	81.00000000	NAN	NAN	135.00000000	81.00000000	NAN	NAN	0.00000000		PLANE	0.00 0.00 0.00	   	NAN	NAN	NAN	NAN	NAN	NAN	NAN	NAN	NAN	0.30279289	0.09772921	-0.94803242	0.25287578	0.43799370	-0.86267918	0.43133959	0.74710208	0.50575156	30.00000000	59.61874486	72.11203494	71.44748367	NORMAL	NAN	NAN	NAN	NAN	NAN	NAN	NAN	NAN	NAN	NAN	NAN	NAN	NAN	NAN	NAN
BZ0073	4	0.96984631	0.17101007	0.17364818	0.17101007	0.03015369	-0.98480775	-0.17364818	0.98480775	-0.00000000	NAN	NAN	NAN	NAN	NAN	NAN	NAN	NAN	NAN	NAN	NONE	NAN	NAN	NONE	NONE	NAN	AAX	A	230	0.00000000	0.00000000	LOWERFARS	FRACTURE	80.00000000	80.00000000	NAN	NAN	80.00000000	80.00000000	NAN	NAN	0.00000000		PLANE	0.00 0.00 0.00	   	NAN	NAN	NAN	NAN	NAN	NAN	NAN	NAN	NAN	0.30279289	0.09772921	-0.94803242	0.25287578	0.43799370	-0.86267918	0.43133959	0.74710208	0.50575156	30.00000000	59.61874486	72.11203494	71.44748367	NORMAL	NAN	NAN	NAN	NAN	NAN	NAN	NAN	NAN	NAN	NAN	NAN	NAN	NAN	NAN	NAN
BZ0074	5	0.88513935	0.43171130	0.17364818	0.15607395	0.07612235	-0.98480775	-0.43837115	0.89879405	-0.00000000	NAN	NAN	NAN	NAN	NAN	NAN	NAN	NAN	NAN	NAN	NONE	NAN	NAN	NONE	NONE	NAN	AAX	A	230	0.00000000	0.00000000	LOWERFARS	FRACTURE	64.00000000	80.00000000	NAN	NAN	64.00000000	80.00000000	NAN	NAN	0.00000000		PLANE	0.00 0.00 0.00	   	NAN	NAN	NAN	NAN	NAN	NAN	NAN	NAN	NAN	0.30279289	0.09772921	-0.94803242	0.25287578	0.43799370	-0.86267918	0.43133959	0.74710208	0.50575156	30.00000000	59.61874486	72.11203494	71.44748367	NORMAL	NAN	NAN	NAN	NAN	NAN	NAN	NAN	NAN	NAN	NAN	NAN	NAN	NAN	NAN	NAN
BZ0075	6	0.81644263	0.55069751	0.17364818	0.14396086	0.09710283	-0.98480775	-0.55919290	0.82903757	0.00000000	NAN	NAN	NAN	NAN	NAN	NAN	NAN	NAN	NAN	NAN	NONE	NAN	NAN	NONE	NONE	NAN	AAX	A	230	0.00000000	0.00000000	LOWERFARS	FRACTURE	56.00000000	80.00000000	NAN	NAN	56.00000000	80.00000000	NAN	NAN	0.00000000		PLANE	0.00 0.00 0.00	   	NAN	NAN	NAN	NAN	NAN	NAN	NAN	NAN	NAN	0.30279289	0.09772921	-0.94803242	0.25287578	0.43799370	-0.86267918	0.43133959	0.74710208	0.50575156	30.00000000	59.61874486	72.11203494	71.44748367	NORMAL	NAN	NAN	NAN	NAN	NAN	NAN	NAN	NAN	NAN	NAN	NAN	NAN	NAN	NAN	NAN
BZ0076	7	0.77603910	0.60630819	0.17364818	0.13683663	0.10690849	-0.98480775	-0.61566148	0.78801075	-0.00000000	NAN	NAN	NAN	NAN	NAN	NAN	NAN	NAN	NAN	NAN	NONE	NAN	NAN	NONE	NONE	NAN	AAX	A	230	0.00000000	0.00000000	LOWERFARS	FRACTURE	52.00000000	80.00000000	NAN	NAN	52.00000000	80.00000000	NAN	NAN	0.00000000		PLANE	0.00 0.00 0.00	   	NAN	NAN	NAN	NAN	NAN	NAN	NAN	NAN	NAN	0.30279289	0.09772921	-0.94803242	0.25287578	0.43799370	-0.86267918	0.43133959	0.74710208	0.50575156	30.00000000	59.61874486	72.11203494	71.44748367	NORMAL	NAN	NAN	NAN	NAN	NAN	NAN	NAN	NAN	NAN	NAN	NAN	NAN	NAN	NAN	NAN
BZ0077	8	0.55069751	0.81644263	0.17364818	0.09710283	0.14396086	-0.98480775	-0.82903757	0.55919290	0.00000000	NAN	NAN	NAN	NAN	NAN	NAN	NAN	NAN	NAN	NAN	NONE	NAN	NAN	NONE	NONE	NAN	AAX	B	230	0.00000000	0.00000000	LOWERFARS	FRACTURE	34.00000000	80.00000000	NAN	NAN	34.00000000	80.00000000	NAN	NAN	0.00000000		PLANE	0.00 0.00 1.00	   	NAN	NAN	NAN	NAN	NAN	NAN	NAN	NAN	NAN	0.30279289	0.09772921	-0.94803242	0.25287578	0.43799370	-0.86267918	0.43133959	0.74710208	0.50575156	30.00000000	59.61874486	72.11203494	71.44748367	NORMAL	NAN	NAN	NAN	NAN	NAN	NAN	NAN	NAN	NAN	NAN	NAN	NAN	NAN	NAN	NAN
BZ0078	9	0.70841141	0.68410495	0.17364818	0.12491205	0.12062616	-0.98480775	-0.69465837	0.71933980	0.00000000	NAN	NAN	NAN	NAN	NAN	NAN	NAN	NAN	NAN	NAN	NONE	NAN	NAN	NONE	NONE	NAN	AAX	B	230	0.00000000	0.00000000	LOWERFARS	FRACTURE	46.00000000	80.00000000	NAN	NAN	46.00000000	80.00000000	NAN	NAN	0.00000000		PLANE	0.00 0.00 1.00	   	NAN	NAN	NAN	NAN	NAN	NAN	NAN	NAN	NAN	0.30279289	0.09772921	-0.94803242	0.25287578	0.43799370	-0.86267918	0.43133959	0.74710208	0.50575156	30.00000000	59.61874486	72.11203494	71.44748367	NORMAL	NAN	NAN	NAN	NAN	NAN	NAN	NAN	NAN	NAN	NAN	NAN	NAN	NAN	NAN	NAN
BZ0079	10	0.55069751	0.81644263	0.17364818	0.09710283	0.14396086	-0.98480775	-0.82903757	0.55919290	0.00000000	NAN	NAN	NAN	NAN	NAN	NAN	NAN	NAN	NAN	NAN	NONE	NAN	NAN	NONE	NONE	NAN	AAX	B	230	0.00000000	0.00000000	LOWERFARS	FRACTURE	34.00000000	80.00000000	NAN	NAN	34.00000000	80.00000000	NAN	NAN	0.00000000		PLANE	0.00 0.00 1.00	   	NAN	NAN	NAN	NAN	NAN	NAN	NAN	NAN	NAN	0.30279289	0.09772921	-0.94803242	0.25287578	0.43799370	-0.86267918	0.43133959	0.74710208	0.50575156	30.00000000	59.61874486	72.11203494	71.44748367	NORMAL	NAN	NAN	NAN	NAN	NAN	NAN	NAN	NAN	NAN	NAN	NAN	NAN	NAN	NAN	NAN
BZ0080	11	0.67163727	0.72024280	0.17364818	0.11842777	0.12699824	-0.98480775	-0.73135370	0.68199836	0.00000000	NAN	NAN	NAN	NAN	NAN	NAN	NAN	NAN	NAN	NAN	NONE	NAN	NAN	NONE	NONE	NAN	AAX	B	230	0.00000000	0.00000000	LOWERFARS	FRACTURE	43.00000000	80.00000000	NAN	NAN	43.00000000	80.00000000	NAN	NAN	0.00000000		PLANE	0.00 0.00 1.00	   	NAN	NAN	NAN	NAN	NAN	NAN	NAN	NAN	NAN	0.30279289	0.09772921	-0.94803242	0.25287578	0.43799370	-0.86267918	0.43133959	0.74710208	0.50575156	30.00000000	59.61874486	72.11203494	71.44748367	NORMAL	NAN	NAN	NAN	NAN	NAN	NAN	NAN	NAN	NAN	NAN	NAN	NAN	NAN	NAN	NAN
BZ0081	12	0.65896501	-0.73185479	0.17364818	0.11619331	-0.12904574	-0.98480775	0.74314483	0.66913061	-0.00000000	NAN	NAN	NAN	NAN	NAN	NAN	NAN	NAN	NAN	NAN	NONE	NAN	NAN	NONE	NONE	NAN	ABX	B	230	0.00000000	0.00000000	LOWERFARS	FRACTURE	138.00000000	80.00000000	NAN	NAN	138.00000000	80.00000000	NAN	NAN	0.00000000		PLANE	0.00 0.00 1.00	   	NAN	NAN	NAN	NAN	NAN	NAN	NAN	NAN	NAN	0.30279289	0.09772921	-0.94803242	0.25287578	0.43799370	-0.86267918	0.43133959	0.74710208	0.50575156	30.00000000	59.61874486	72.11203494	71.44748367	NORMAL	NAN	NAN	NAN	NAN	NAN	NAN	NAN	NAN	NAN	NAN	NAN	NAN	NAN	NAN	NAN
BZ0082	13	0.83516434	-0.52186860	0.17364818	0.14726201	-0.09201951	-0.98480775	0.52991926	0.84804810	-0.00000000	NAN	NAN	NAN	NAN	NAN	NAN	NAN	NAN	NAN	NAN	NONE	NAN	NAN	NONE	NONE	NAN	ABX	B	230	0.00000000	0.00000000	LOWERFARS	FRACTURE	122.00000000	80.00000000	NAN	NAN	122.00000000	80.00000000	NAN	NAN	0.00000000		PLANE	0.00 0.00 1.00	   	NAN	NAN	NAN	NAN	NAN	NAN	NAN	NAN	NAN	0.30279289	0.09772921	-0.94803242	0.25287578	0.43799370	-0.86267918	0.43133959	0.74710208	0.50575156	30.00000000	59.61874486	72.11203494	71.44748367	NORMAL	NAN	NAN	NAN	NAN	NAN	NAN	NAN	NAN	NAN	NAN	NAN	NAN	NAN	NAN	NAN
BZ0083	14	0.95677273	0.20336832	0.20791169	0.20336832	0.04322727	-0.97814760	-0.20791169	0.97814760	-0.00000000	NAN	NAN	NAN	NAN	NAN	NAN	NAN	NAN	NAN	NAN	NONE	NAN	NAN	NONE	NONE	NAN	AAX	B	230	0.00000000	0.00000000	LOWERFARS	FRACTURE	78.00000000	78.00000000	NAN	NAN	78.00000000	78.00000000	NAN	NAN	0.00000000		PLANE	0.00 0.00 1.00	   	NAN	NAN	NAN	NAN	NAN	NAN	NAN	NAN	NAN	0.30279289	0.09772921	-0.94803242	0.25287578	0.43799370	-0.86267918	0.43133959	0.74710208	0.50575156	30.00000000	59.61874486	72.11203494	71.44748367	NORMAL	NAN	NAN	NAN	NAN	NAN	NAN	NAN	NAN	NAN	NAN	NAN	NAN	NAN	NAN	NAN
BZ0084	15	0.93027365	0.30226423	0.20791169	0.19773577	0.06424825	-0.97814760	-0.30901699	0.95105652	0.00000000	NAN	NAN	NAN	NAN	NAN	NAN	NAN	NAN	NAN	NAN	NONE	NAN	NAN	NONE	NONE	NAN	AAX	B	230	0.00000000	0.00000000	LOWERFARS	FRACTURE	72.00000000	78.00000000	NAN	NAN	72.00000000	78.00000000	NAN	NAN	0.00000000		PLANE	0.00 0.00 1.00	   	NAN	NAN	NAN	NAN	NAN	NAN	NAN	NAN	NAN	0.30279289	0.09772921	-0.94803242	0.25287578	0.43799370	-0.86267918	0.43133959	0.74710208	0.50575156	30.00000000	59.61874486	72.11203494	71.44748367	NORMAL	NAN	NAN	NAN	NAN	NAN	NAN	NAN	NAN	NAN	NAN	NAN	NAN	NAN	NAN	NAN
BZ0085	16	0.91915808	0.33454618	0.20791169	0.19537308	0.07110999	-0.97814760	-0.34202014	0.93969262	0.00000000	NAN	NAN	NAN	NAN	NAN	NAN	NAN	NAN	NAN	NAN	NONE	NAN	NAN	NONE	NONE	NAN	AAX	C	230	0.00000000	0.00000000	LOWERFARS	FRACTURE	70.00000000	78.00000000	NAN	NAN	70.00000000	78.00000000	NAN	NAN	0.00000000		PLANE	1.00 0.00 0.67	   	NAN	NAN	NAN	NAN	NAN	NAN	NAN	NAN	NAN	0.30279289	0.09772921	-0.94803242	0.25287578	0.43799370	-0.86267918	0.43133959	0.74710208	0.50575156	30.00000000	59.61874486	72.11203494	71.44748367	NORMAL	NAN	NAN	NAN	NAN	NAN	NAN	NAN	NAN	NAN	NAN	NAN	NAN	NAN	NAN	NAN
BZ0086	17	0.86365307	0.45921248	0.20791169	0.18357513	0.09760863	-0.97814760	-0.46947156	0.88294759	0.00000000	NAN	NAN	NAN	NAN	NAN	NAN	NAN	NAN	NAN	NAN	NONE	NAN	NAN	NONE	NONE	NAN	AAX	C	230	0.00000000	0.00000000	LOWERFARS	FRACTURE	62.00000000	78.00000000	NAN	NAN	62.00000000	78.00000000	NAN	NAN	0.00000000		PLANE	1.00 0.00 0.67	   	NAN	NAN	NAN	NAN	NAN	NAN	NAN	NAN	NAN	0.30279289	0.09772921	-0.94803242	0.25287578	0.43799370	-0.86267918	0.43133959	0.74710208	0.50575156	30.00000000	59.61874486	72.11203494	71.44748367	NORMAL	NAN	NAN	NAN	NAN	NAN	NAN	NAN	NAN	NAN	NAN	NAN	NAN	NAN	NAN	NAN
BZ0087	18	0.82034360	0.53273737	0.20791169	0.17436942	0.11323682	-0.97814760	-0.54463904	0.83867057	-0.00000000	NAN	NAN	NAN	NAN	NAN	NAN	NAN	NAN	NAN	NAN	NONE	NAN	NAN	NONE	NONE	NAN	AAX	C	230	0.00000000	0.00000000	LOWERFARS	FRACTURE	57.00000000	78.00000000	NAN	NAN	57.00000000	78.00000000	NAN	NAN	0.00000000		PLANE	1.00 0.00 0.67	   	NAN	NAN	NAN	NAN	NAN	NAN	NAN	NAN	NAN	0.30279289	0.09772921	-0.94803242	0.25287578	0.43799370	-0.86267918	0.43133959	0.74710208	0.50575156	30.00000000	59.61874486	72.11203494	71.44748367	NORMAL	NAN	NAN	NAN	NAN	NAN	NAN	NAN	NAN	NAN	NAN	NAN	NAN	NAN	NAN	NAN
BZ0088	19	0.79133803	0.57494073	0.20791169	0.16820409	0.12220743	-0.97814760	-0.58778525	0.80901699	0.00000000	NAN	NAN	NAN	NAN	NAN	NAN	NAN	NAN	NAN	NAN	NONE	NAN	NAN	NONE	NONE	NAN	AAX	C	230	0.00000000	0.00000000	LOWERFARS	FRACTURE	54.00000000	78.00000000	NAN	NAN	54.00000000	78.00000000	NAN	NAN	0.00000000		PLANE	1.00 0.00 0.67	   	NAN	NAN	NAN	NAN	NAN	NAN	NAN	NAN	NAN	0.30279289	0.09772921	-0.94803242	0.25287578	0.43799370	-0.86267918	0.43133959	0.74710208	0.50575156	30.00000000	59.61874486	72.11203494	71.44748367	NORMAL	NAN	NAN	NAN	NAN	NAN	NAN	NAN	NAN	NAN	NAN	NAN	NAN	NAN	NAN	NAN
BZ0089	20	0.67947842	0.70362050	0.20791169	0.14442760	0.14955915	-0.97814760	-0.71933980	0.69465837	-0.00000000	NAN	NAN	NAN	NAN	NAN	NAN	NAN	NAN	NAN	NAN	NONE	NAN	NAN	NONE	NONE	NAN	AAX	C	230	0.00000000	0.00000000	LOWERFARS	FRACTURE	44.00000000	78.00000000	NAN	NAN	44.00000000	78.00000000	NAN	NAN	0.00000000		PLANE	1.00 0.00 0.67	   	NAN	NAN	NAN	NAN	NAN	NAN	NAN	NAN	NAN	0.30279289	0.09772921	-0.94803242	0.25287578	0.43799370	-0.86267918	0.43133959	0.74710208	0.50575156	30.00000000	59.61874486	72.11203494	71.44748367	NORMAL	NAN	NAN	NAN	NAN	NAN	NAN	NAN	NAN	NAN	NAN	NAN	NAN	NAN	NAN	NAN
BZ0090	21	0.50378326	0.83843614	0.20791169	0.10708244	0.17821510	-0.97814760	-0.85716730	0.51503807	-0.00000000	NAN	NAN	NAN	NAN	NAN	NAN	NAN	NAN	NAN	NAN	NONE	NAN	NAN	NONE	NONE	NAN	AAX	C	230	0.00000000	0.00000000	LOWERFARS	FRACTURE	31.00000000	78.00000000	NAN	NAN	31.00000000	78.00000000	NAN	NAN	0.00000000		PLANE	1.00 0.00 0.67	   	NAN	NAN	NAN	NAN	NAN	NAN	NAN	NAN	NAN	0.30279289	0.09772921	-0.94803242	0.25287578	0.43799370	-0.86267918	0.43133959	0.74710208	0.50575156	30.00000000	59.61874486	72.11203494	71.44748367	NORMAL	NAN	NAN	NAN	NAN	NAN	NAN	NAN	NAN	NAN	NAN	NAN	NAN	NAN	NAN	NAN
BZ0091	22	0.57494073	-0.79133803	0.20791169	0.12220743	-0.16820409	-0.97814760	0.80901699	0.58778525	-0.00000000	NAN	NAN	NAN	NAN	NAN	NAN	NAN	NAN	NAN	NAN	NONE	NAN	NAN	NONE	NONE	NAN	ABX	C	230	0.00000000	0.00000000	LOWERFARS	FRACTURE	144.00000000	78.00000000	NAN	NAN	144.00000000	78.00000000	NAN	NAN	0.00000000		PLANE	1.00 0.00 0.67	   	NAN	NAN	NAN	NAN	NAN	NAN	NAN	NAN	NAN	0.30279289	0.09772921	-0.94803242	0.25287578	0.43799370	-0.86267918	0.43133959	0.74710208	0.50575156	30.00000000	59.61874486	72.11203494	71.44748367	NORMAL	NAN	NAN	NAN	NAN	NAN	NAN	NAN	NAN	NAN	NAN	NAN	NAN	NAN	NAN	NAN
BZ0092	23	0.65450850	-0.72690533	0.20791169	0.13912008	-0.15450850	-0.97814760	0.74314483	0.66913061	0.00000000	NAN	NAN	NAN	NAN	NAN	NAN	NAN	NAN	NAN	NAN	NONE	NAN	NAN	NONE	NONE	NAN	ABX	C	230	0.00000000	0.00000000	LOWERFARS	FRACTURE	138.00000000	78.00000000	NAN	NAN	138.00000000	78.00000000	NAN	NAN	0.00000000		PLANE	1.00 0.00 0.67	   	NAN	NAN	NAN	NAN	NAN	NAN	NAN	NAN	NAN	0.30279289	0.09772921	-0.94803242	0.25287578	0.43799370	-0.86267918	0.43133959	0.74710208	0.50575156	30.00000000	59.61874486	72.11203494	71.44748367	NORMAL	NAN	NAN	NAN	NAN	NAN	NAN	NAN	NAN	NAN	NAN	NAN	NAN	NAN	NAN	NAN
BZ0093	24	0.65450850	-0.72690533	0.20791169	0.13912008	-0.15450850	-0.97814760	0.74314483	0.66913061	0.00000000	NAN	NAN	NAN	NAN	NAN	NAN	NAN	NAN	NAN	NAN	NONE	NAN	NAN	NONE	NONE	NAN	BBX	C	230	0.00000000	0.00000000	LOWERFARS	FRACTURE	138.00000000	78.00000000	NAN	NAN	138.00000000	78.00000000	NAN	NAN	0.00000000		PLANE	1.00 0.00 0.67	   	NAN	NAN	NAN	NAN	NAN	NAN	NAN	NAN	NAN	0.30279289	0.09772921	-0.94803242	0.25287578	0.43799370	-0.86267918	0.43133959	0.74710208	0.50575156	30.00000000	59.61874486	72.11203494	71.44748367	NORMAL	NAN	NAN	NAN	NAN	NAN	NAN	NAN	NAN	NAN	NAN	NAN	NAN	NAN	NAN	NAN
BZ0094	25	0.65450850	-0.72690533	0.20791169	0.13912008	-0.15450850	-0.97814760	0.74314483	0.66913061	0.00000000	NAN	NAN	NAN	NAN	NAN	NAN	NAN	NAN	NAN	NAN	NONE	NAN	NAN	NONE	NONE	NAN	BBX	D	230	0.00000000	0.00000000	LOWERFARS	FRACTURE	138.00000000	78.00000000	NAN	NAN	138.00000000	78.00000000	NAN	NAN	0.00000000		PLANE	1.00 0.00 0.00	   	NAN	NAN	NAN	NAN	NAN	NAN	NAN	NAN	NAN	0.30279289	0.09772921	-0.94803242	0.25287578	0.43799370	-0.86267918	0.43133959	0.74710208	0.50575156	30.00000000	59.61874486	72.11203494	71.44748367	NORMAL	NAN	NAN	NAN	NAN	NAN	NAN	NAN	NAN	NAN	NAN	NAN	NAN	NAN	NAN	NAN
BZ0095	26	0.71537187	-0.66709506	0.20791169	0.15205698	-0.14179543	-0.97814760	0.68199836	0.73135370	-0.00000000	NAN	NAN	NAN	NAN	NAN	NAN	NAN	NAN	NAN	NAN	NONE	NAN	NAN	NONE	NONE	NAN	BBX	D	230	0.00000000	0.00000000	LOWERFARS	FRACTURE	133.00000000	78.00000000	NAN	NAN	133.00000000	78.00000000	NAN	NAN	0.00000000		PLANE	1.00 0.00 0.00	   	NAN	NAN	NAN	NAN	NAN	NAN	NAN	NAN	NAN	0.30279289	0.09772921	-0.94803242	0.25287578	0.43799370	-0.86267918	0.43133959	0.74710208	0.50575156	30.00000000	59.61874486	72.11203494	71.44748367	NORMAL	NAN	NAN	NAN	NAN	NAN	NAN	NAN	NAN	NAN	NAN	NAN	NAN	NAN	NAN	NAN
BZ0096	27	0.72690533	-0.65450850	0.20791169	0.15450850	-0.13912008	-0.97814760	0.66913061	0.74314483	-0.00000000	NAN	NAN	NAN	NAN	NAN	NAN	NAN	NAN	NAN	NAN	NONE	NAN	NAN	NONE	NONE	NAN	BBX	D	230	0.00000000	0.00000000	LOWERFARS	FRACTURE	132.00000000	78.00000000	NAN	NAN	132.00000000	78.00000000	NAN	NAN	0.00000000		PLANE	1.00 0.00 0.00	   	NAN	NAN	NAN	NAN	NAN	NAN	NAN	NAN	NAN	0.30279289	0.09772921	-0.94803242	0.25287578	0.43799370	-0.86267918	0.43133959	0.74710208	0.50575156	30.00000000	59.61874486	72.11203494	71.44748367	NORMAL	NAN	NAN	NAN	NAN	NAN	NAN	NAN	NAN	NAN	NAN	NAN	NAN	NAN	NAN	NAN
BZ0097	28	0.86031770	0.45743904	0.22495105	0.19861999	0.10560812	-0.97437006	-0.46947156	0.88294759	0.00000000	NAN	NAN	NAN	NAN	NAN	NAN	NAN	NAN	NAN	NAN	NONE	NAN	NAN	NONE	NONE	NAN	BAX	D	230	0.00000000	0.00000000	LOWERFARS	FRACTURE	62.00000000	77.00000000	NAN	NAN	62.00000000	77.00000000	NAN	NAN	0.00000000		PLANE	1.00 0.00 0.00	   	NAN	NAN	NAN	NAN	NAN	NAN	NAN	NAN	NAN	0.30279289	0.09772921	-0.94803242	0.25287578	0.43799370	-0.86267918	0.43133959	0.74710208	0.50575156	30.00000000	59.61874486	72.11203494	71.44748367	NORMAL	NAN	NAN	NAN	NAN	NAN	NAN	NAN	NAN	NAN	NAN	NAN	NAN	NAN	NAN	NAN
BZ0098	29	0.95555475	0.16849008	0.24192190	0.23824656	0.04200930	-0.97029573	-0.17364818	0.98480775	0.00000000	NAN	NAN	NAN	NAN	NAN	NAN	NAN	NAN	NAN	NAN	NONE	NAN	NAN	NONE	NONE	NAN	BAX	D	230	0.00000000	0.00000000	LOWERFARS	FRACTURE	80.00000000	76.00000000	NAN	NAN	80.00000000	76.00000000	NAN	NAN	0.00000000		PLANE	1.00 0.00 0.00	   	NAN	NAN	NAN	NAN	NAN	NAN	NAN	NAN	NAN	0.30279289	0.09772921	-0.94803242	0.25287578	0.43799370	-0.86267918	0.43133959	0.74710208	0.50575156	30.00000000	59.61874486	72.11203494	71.44748367	NORMAL	NAN	NAN	NAN	NAN	NAN	NAN	NAN	NAN	NAN	NAN	NAN	NAN	NAN	NAN	NAN
BZ0099	30	0.91177973	0.33186068	0.24192190	0.22733222	0.08274216	-0.97029573	-0.34202014	0.93969262	0.00000000	NAN	NAN	NAN	NAN	NAN	NAN	NAN	NAN	NAN	NAN	NONE	NAN	NAN	NONE	NONE	NAN	BAX	D	230	0.00000000	0.00000000	LOWERFARS	FRACTURE	70.00000000	76.00000000	NAN	NAN	70.00000000	76.00000000	NAN	NAN	0.00000000		PLANE	1.00 0.00 0.00	   	NAN	NAN	NAN	NAN	NAN	NAN	NAN	NAN	NAN	0.30279289	0.09772921	-0.94803242	0.25287578	0.43799370	-0.86267918	0.43133959	0.74710208	0.50575156	30.00000000	59.61874486	72.11203494	71.44748367	NORMAL	NAN	NAN	NAN	NAN	NAN	NAN	NAN	NAN	NAN	NAN	NAN	NAN	NAN	NAN	NAN
BZ0100	31	0.84030075	0.48514786	0.24192190	0.20951051	0.12096095	-0.97029573	-0.50000000	0.86602540	0.00000000	NAN	NAN	NAN	NAN	NAN	NAN	NAN	NAN	NAN	NAN	NONE	NAN	NAN	NONE	NONE	NAN	BAX	A	230	0.00000000	0.00000000	LOWERFARS	FRACTURE	60.00000000	76.00000000	NAN	NAN	60.00000000	76.00000000	NAN	NAN	0.00000000		PLANE	0.00 0.00 0.00	   	NAN	NAN	NAN	NAN	NAN	NAN	NAN	NAN	NAN	0.30279289	0.09772921	-0.94803242	0.25287578	0.43799370	-0.86267918	0.43133959	0.74710208	0.50575156	30.00000000	59.61874486	72.11203494	71.44748367	NORMAL	NAN	NAN	NAN	NAN	NAN	NAN	NAN	NAN	NAN	NAN	NAN	NAN	NAN	NAN	NAN
BZ0101	32	0.72107025	0.64925457	0.24192190	0.17978300	0.16187734	-0.97029573	-0.66913061	0.74314483	-0.00000000	NAN	NAN	NAN	NAN	NAN	NAN	NAN	NAN	NAN	NAN	NONE	NAN	NAN	NONE	NONE	NAN	BAX	A	230	0.00000000	0.00000000	LOWERFARS	FRACTURE	48.00000000	76.00000000	NAN	NAN	48.00000000	76.00000000	NAN	NAN	0.00000000		PLANE	0.00 0.00 0.00	   	NAN	NAN	NAN	NAN	NAN	NAN	NAN	NAN	NAN	0.30279289	0.09772921	-0.94803242	0.25287578	0.43799370	-0.86267918	0.43133959	0.74710208	0.50575156	30.00000000	59.61874486	72.11203494	71.44748367	NORMAL	NAN	NAN	NAN	NAN	NAN	NAN	NAN	NAN	NAN	NAN	NAN	NAN	NAN	NAN	NAN
BZ0102	33	0.63657127	0.73229148	0.24192190	0.15871504	0.18258077	-0.97029573	-0.75470958	0.65605903	0.00000000	NAN	NAN	NAN	NAN	NAN	NAN	NAN	NAN	NAN	NAN	NONE	NAN	NAN	NONE	NONE	NAN	BAX	A	230	0.00000000	0.00000000	LOWERFARS	FRACTURE	41.00000000	76.00000000	NAN	NAN	41.00000000	76.00000000	NAN	NAN	0.00000000		PLANE	0.00 0.00 0.00	   	NAN	NAN	NAN	NAN	NAN	NAN	NAN	NAN	NAN	0.30279289	0.09772921	-0.94803242	0.25287578	0.43799370	-0.86267918	0.43133959	0.74710208	0.50575156	30.00000000	59.61874486	72.11203494	71.44748367	NORMAL	NAN	NAN	NAN	NAN	NAN	NAN	NAN	NAN	NAN	NAN	NAN	NAN	NAN	NAN	NAN
BZ0103	34	0.57032552	0.78498573	0.24192190	0.14219812	0.19571892	-0.97029573	-0.80901699	0.58778525	0.00000000	NAN	NAN	NAN	NAN	NAN	NAN	NAN	NAN	NAN	NAN	NONE	NAN	NAN	NONE	NONE	NAN	BAX	A	230	0.00000000	0.00000000	LOWERFARS	FRACTURE	36.00000000	76.00000000	NAN	NAN	36.00000000	76.00000000	NAN	NAN	0.00000000		PLANE	0.00 0.00 0.00	   	NAN	NAN	NAN	NAN	NAN	NAN	NAN	NAN	NAN	0.30279289	0.09772921	-0.94803242	0.25287578	0.43799370	-0.86267918	0.43133959	0.74710208	0.50575156	30.00000000	59.61874486	72.11203494	71.44748367	NORMAL	NAN	NAN	NAN	NAN	NAN	NAN	NAN	NAN	NAN	NAN	NAN	NAN	NAN	NAN	NAN
BZ0104	35	0.57032552	-0.78498573	0.24192190	0.14219812	-0.19571892	-0.97029573	0.80901699	0.58778525	0.00000000	NAN	NAN	NAN	NAN	NAN	NAN	NAN	NAN	NAN	NAN	NONE	NAN	NAN	NONE	NONE	NAN	BBX	A	230	0.00000000	0.00000000	LOWERFARS	FRACTURE	144.00000000	76.00000000	NAN	NAN	144.00000000	76.00000000	NAN	NAN	0.00000000		PLANE	0.00 0.00 0.00	   	NAN	NAN	NAN	NAN	NAN	NAN	NAN	NAN	NAN	0.30279289	0.09772921	-0.94803242	0.25287578	0.43799370	-0.86267918	0.43133959	0.74710208	0.50575156	30.00000000	59.61874486	72.11203494	71.44748367	NORMAL	NAN	NAN	NAN	NAN	NAN	NAN	NAN	NAN	NAN	NAN	NAN	NAN	NAN	NAN	NAN
BZ0105	36	0.91865005	0.29848750	0.25881905	0.24615154	0.07997948	-0.96592583	-0.30901699	0.95105652	-0.00000000	NAN	NAN	NAN	NAN	NAN	NAN	NAN	NAN	NAN	NAN	NONE	NAN	NAN	NONE	NONE	NAN	BAX	A	230	0.00000000	0.00000000	LOWERFARS	FRACTURE	72.00000000	75.00000000	NAN	NAN	72.00000000	75.00000000	NAN	NAN	0.00000000		PLANE	0.00 0.00 0.00	   	NAN	NAN	NAN	NAN	NAN	NAN	NAN	NAN	NAN	0.30279289	0.09772921	-0.94803242	0.25287578	0.43799370	-0.86267918	0.43133959	0.74710208	0.50575156	30.00000000	59.61874486	72.11203494	71.44748367	NORMAL	NAN	NAN	NAN	NAN	NAN	NAN	NAN	NAN	NAN	NAN	NAN	NAN	NAN	NAN	NAN
BZ0106	37	0.76115994	0.59468332	0.25881905	0.20395219	0.15934492	-0.96592583	-0.61566148	0.78801075	-0.00000000	NAN	NAN	NAN	NAN	NAN	NAN	NAN	NAN	NAN	NAN	NONE	NAN	NAN	NONE	NONE	NAN	BAX	A	230	0.00000000	0.00000000	LOWERFARS	FRACTURE	52.00000000	75.00000000	NAN	NAN	52.00000000	75.00000000	NAN	NAN	0.00000000		PLANE	0.00 0.00 0.00	   	NAN	NAN	NAN	NAN	NAN	NAN	NAN	NAN	NAN	0.30279289	0.09772921	-0.94803242	0.25287578	0.43799370	-0.86267918	0.43133959	0.74710208	0.50575156	30.00000000	59.61874486	72.11203494	71.44748367	NORMAL	NAN	NAN	NAN	NAN	NAN	NAN	NAN	NAN	NAN	NAN	NAN	NAN	NAN	NAN	NAN
BZ0107	38	0.63370436	0.72899347	0.25881905	0.16980057	0.19533321	-0.96592583	-0.75470958	0.65605903	-0.00000000	NAN	NAN	NAN	NAN	NAN	NAN	NAN	NAN	NAN	NAN	NONE	NAN	NAN	NONE	NONE	NAN	BAX	A	230	0.00000000	0.00000000	LOWERFARS	FRACTURE	41.00000000	75.00000000	NAN	NAN	41.00000000	75.00000000	NAN	NAN	0.00000000		PLANE	0.00 0.00 0.00	   	NAN	NAN	NAN	NAN	NAN	NAN	NAN	NAN	NAN	0.30279289	0.09772921	-0.94803242	0.25287578	0.43799370	-0.86267918	0.43133959	0.74710208	0.50575156	30.00000000	59.61874486	72.11203494	71.44748367	NORMAL	NAN	NAN	NAN	NAN	NAN	NAN	NAN	NAN	NAN	NAN	NAN	NAN	NAN	NAN	NAN
BZ0108	39	0.71782278	-0.64633053	0.25881905	0.19234003	-0.17318374	-0.96592583	0.66913061	0.74314483	0.00000000	NAN	NAN	NAN	NAN	NAN	NAN	NAN	NAN	NAN	NAN	NONE	NAN	NAN	NONE	NONE	NAN	BBX	B	230	0.00000000	0.00000000	LOWERFARS	FRACTURE	132.00000000	75.00000000	NAN	NAN	132.00000000	75.00000000	NAN	NAN	0.00000000		PLANE	0.00 0.00 1.00	   	NAN	NAN	NAN	NAN	NAN	NAN	NAN	NAN	NAN	0.30279289	0.09772921	-0.94803242	0.25287578	0.43799370	-0.86267918	0.43133959	0.74710208	0.50575156	30.00000000	59.61874486	72.11203494	71.44748367	NORMAL	NAN	NAN	NAN	NAN	NAN	NAN	NAN	NAN	NAN	NAN	NAN	NAN	NAN	NAN	NAN
BZ0109	40	0.73994211	-0.62088515	0.25881905	0.19826689	-0.16636568	-0.96592583	0.64278761	0.76604444	0.00000000	NAN	NAN	NAN	NAN	NAN	NAN	NAN	NAN	NAN	NAN	NONE	NAN	NAN	NONE	NONE	NAN	BBX	B	230	0.00000000	0.00000000	LOWERFARS	FRACTURE	130.00000000	75.00000000	NAN	NAN	130.00000000	75.00000000	NAN	NAN	0.00000000		PLANE	0.00 0.00 1.00	   	NAN	NAN	NAN	NAN	NAN	NAN	NAN	NAN	NAN	0.30279289	0.09772921	-0.94803242	0.25287578	0.43799370	-0.86267918	0.43133959	0.74710208	0.50575156	30.00000000	59.61874486	72.11203494	71.44748367	NORMAL	NAN	NAN	NAN	NAN	NAN	NAN	NAN	NAN	NAN	NAN	NAN	NAN	NAN	NAN	NAN
BZ0110	41	0.92402405	0.26495963	0.27563736	0.26495963	0.07597595	-0.96126170	-0.27563736	0.96126170	0.00000000	NAN	NAN	NAN	NAN	NAN	NAN	NAN	NAN	NAN	NAN	NONE	NAN	NAN	NONE	NONE	NAN	BAX	B	230	0.00000000	0.00000000	LOWERFARS	FRACTURE	74.00000000	74.00000000	NAN	NAN	74.00000000	74.00000000	NAN	NAN	0.00000000		PLANE	0.00 0.00 1.00	   	NAN	NAN	NAN	NAN	NAN	NAN	NAN	NAN	NAN	0.30279289	0.09772921	-0.94803242	0.25287578	0.43799370	-0.86267918	0.43133959	0.74710208	0.50575156	30.00000000	59.61874486	72.11203494	71.44748367	NORMAL	NAN	NAN	NAN	NAN	NAN	NAN	NAN	NAN	NAN	NAN	NAN	NAN	NAN	NAN	NAN
BZ0111	42	0.90329052	0.32877086	0.27563736	0.25901439	0.09427353	-0.96126170	-0.34202014	0.93969262	-0.00000000	NAN	NAN	NAN	NAN	NAN	NAN	NAN	NAN	NAN	NAN	NONE	NAN	NAN	NONE	NONE	NAN	BAX	B	230	0.00000000	0.00000000	LOWERFARS	FRACTURE	70.00000000	74.00000000	NAN	NAN	70.00000000	74.00000000	NAN	NAN	0.00000000		PLANE	0.00 0.00 1.00	   	NAN	NAN	NAN	NAN	NAN	NAN	NAN	NAN	NAN	0.30279289	0.09772921	-0.94803242	0.25287578	0.43799370	-0.86267918	0.43133959	0.74710208	0.50575156	30.00000000	59.61874486	72.11203494	71.44748367	NORMAL	NAN	NAN	NAN	NAN	NAN	NAN	NAN	NAN	NAN	NAN	NAN	NAN	NAN	NAN	NAN
BZ0112	43	0.86397629	0.42138939	0.27563736	0.24774121	0.12083146	-0.96126170	-0.43837115	0.89879405	-0.00000000	NAN	NAN	NAN	NAN	NAN	NAN	NAN	NAN	NAN	NAN	NONE	NAN	NAN	NONE	NONE	NAN	BAX	B	230	0.00000000	0.00000000	LOWERFARS	FRACTURE	64.00000000	74.00000000	NAN	NAN	64.00000000	74.00000000	NAN	NAN	0.00000000		PLANE	0.00 0.00 1.00	   	NAN	NAN	NAN	NAN	NAN	NAN	NAN	NAN	NAN	0.30279289	0.09772921	-0.94803242	0.25287578	0.43799370	-0.86267918	0.43133959	0.74710208	0.50575156	30.00000000	59.61874486	72.11203494	71.44748367	NORMAL	NAN	NAN	NAN	NAN	NAN	NAN	NAN	NAN	NAN	NAN	NAN	NAN	NAN	NAN	NAN
BZ0113	44	0.81519615	0.50939109	0.27563736	0.23375373	0.14606554	-0.96126170	-0.52991926	0.84804810	-0.00000000	NAN	NAN	NAN	NAN	NAN	NAN	NAN	NAN	NAN	NAN	NONE	NAN	NAN	NONE	NONE	NAN	BAX	B	230	0.00000000	0.00000000	LOWERFARS	FRACTURE	58.00000000	74.00000000	NAN	NAN	58.00000000	74.00000000	NAN	NAN	0.00000000		PLANE	0.00 0.00 1.00	   	NAN	NAN	NAN	NAN	NAN	NAN	NAN	NAN	NAN	0.30279289	0.09772921	-0.94803242	0.25287578	0.43799370	-0.86267918	0.43133959	0.74710208	0.50575156	30.00000000	59.61874486	72.11203494	71.44748367	NORMAL	NAN	NAN	NAN	NAN	NAN	NAN	NAN	NAN	NAN	NAN	NAN	NAN	NAN	NAN	NAN
BZ0114	45	0.64320962	0.71435666	0.27563736	0.18443739	0.20483847	-0.96126170	-0.74314483	0.66913061	-0.00000000	NAN	NAN	NAN	NAN	NAN	NAN	NAN	NAN	NAN	NAN	NONE	NAN	NAN	NONE	NONE	NAN	BAX	B	230	0.00000000	0.00000000	LOWERFARS	FRACTURE	42.00000000	74.00000000	NAN	NAN	42.00000000	74.00000000	NAN	NAN	0.00000000		PLANE	0.00 0.00 1.00	   	NAN	NAN	NAN	NAN	NAN	NAN	NAN	NAN	NAN	0.30279289	0.09772921	-0.94803242	0.25287578	0.43799370	-0.86267918	0.43133959	0.74710208	0.50575156	30.00000000	59.61874486	72.11203494	71.44748367	NORMAL	NAN	NAN	NAN	NAN	NAN	NAN	NAN	NAN	NAN	NAN	NAN	NAN	NAN	NAN	NAN
BZ0115	46	0.63064441	0.72547341	0.27563736	0.18083438	0.20802615	-0.96126170	-0.75470958	0.65605903	0.00000000	NAN	NAN	NAN	NAN	NAN	NAN	NAN	NAN	NAN	NAN	NONE	NAN	NAN	NONE	NONE	NAN	BAX	B	230	0.00000000	0.00000000	LOWERFARS	FRACTURE	41.00000000	74.00000000	NAN	NAN	41.00000000	74.00000000	NAN	NAN	0.00000000		PLANE	0.00 0.00 1.00	   	NAN	NAN	NAN	NAN	NAN	NAN	NAN	NAN	NAN	0.30279289	0.09772921	-0.94803242	0.25287578	0.43799370	-0.86267918	0.43133959	0.74710208	0.50575156	30.00000000	59.61874486	72.11203494	71.44748367	NORMAL	NAN	NAN	NAN	NAN	NAN	NAN	NAN	NAN	NAN	NAN	NAN	NAN	NAN	NAN	NAN
BZ0116	47	0.59181179	0.75748455	0.27563736	0.16969930	0.21720520	-0.96126170	-0.78801075	0.61566148	-0.00000000	NAN	NAN	NAN	NAN	NAN	NAN	NAN	NAN	NAN	NAN	NONE	NAN	NAN	NONE	NONE	NAN	BAX	C	230	0.00000000	0.00000000	LOWERFARS	FRACTURE	38.00000000	74.00000000	NAN	NAN	38.00000000	74.00000000	NAN	NAN	0.00000000		PLANE	1.00 0.00 0.67	   	NAN	NAN	NAN	NAN	NAN	NAN	NAN	NAN	NAN	0.30279289	0.09772921	-0.94803242	0.25287578	0.43799370	-0.86267918	0.43133959	0.74710208	0.50575156	30.00000000	59.61874486	72.11203494	71.44748367	NORMAL	NAN	NAN	NAN	NAN	NAN	NAN	NAN	NAN	NAN	NAN	NAN	NAN	NAN	NAN	NAN
BZ0117	48	0.73636918	-0.61788711	0.27563736	0.21115046	-0.17717628	-0.96126170	0.64278761	0.76604444	0.00000000	NAN	NAN	NAN	NAN	NAN	NAN	NAN	NAN	NAN	NAN	NONE	NAN	NAN	NONE	NONE	NAN	BBX	C	230	0.00000000	0.00000000	LOWERFARS	FRACTURE	130.00000000	74.00000000	NAN	NAN	130.00000000	74.00000000	NAN	NAN	0.00000000		PLANE	1.00 0.00 0.67	   	NAN	NAN	NAN	NAN	NAN	NAN	NAN	NAN	NAN	0.30279289	0.09772921	-0.94803242	0.25287578	0.43799370	-0.86267918	0.43133959	0.74710208	0.50575156	30.00000000	59.61874486	72.11203494	71.44748367	NORMAL	NAN	NAN	NAN	NAN	NAN	NAN	NAN	NAN	NAN	NAN	NAN	NAN	NAN	NAN	NAN
BZ0118	49	0.75748455	-0.59181179	0.27563736	0.21720520	-0.16969930	-0.96126170	0.61566148	0.78801075	-0.00000000	NAN	NAN	NAN	NAN	NAN	NAN	NAN	NAN	NAN	NAN	NONE	NAN	NAN	NONE	NONE	NAN	BBX	C	230	0.00000000	0.00000000	LOWERFARS	FRACTURE	128.00000000	74.00000000	NAN	NAN	128.00000000	74.00000000	NAN	NAN	0.00000000		PLANE	1.00 0.00 0.67	   	NAN	NAN	NAN	NAN	NAN	NAN	NAN	NAN	NAN	0.30279289	0.09772921	-0.94803242	0.25287578	0.43799370	-0.86267918	0.43133959	0.74710208	0.50575156	30.00000000	59.61874486	72.11203494	71.44748367	NORMAL	NAN	NAN	NAN	NAN	NAN	NAN	NAN	NAN	NAN	NAN	NAN	NAN	NAN	NAN	NAN
BZ0119	50	0.71067293	-0.63989278	0.29237170	0.21727452	-0.19563486	-0.95630476	0.66913061	0.74314483	0.00000000	NAN	NAN	NAN	NAN	NAN	NAN	NAN	NAN	NAN	NAN	NONE	NAN	NAN	NONE	NONE	NAN	BBX	C	230	0.00000000	0.00000000	LOWERFARS	FRACTURE	132.00000000	73.00000000	NAN	NAN	132.00000000	73.00000000	NAN	NAN	0.00000000		PLANE	1.00 0.00 0.67	   	NAN	NAN	NAN	NAN	NAN	NAN	NAN	NAN	NAN	0.30279289	0.09772921	-0.94803242	0.25287578	0.43799370	-0.86267918	0.43133959	0.74710208	0.50575156	30.00000000	59.61874486	72.11203494	71.44748367	NORMAL	NAN	NAN	NAN	NAN	NAN	NAN	NAN	NAN	NAN	NAN	NAN	NAN	NAN	NAN	NAN
BZ0120	51	0.93660783	0.16514923	0.30901699	0.30432233	0.05366024	-0.95105652	-0.17364818	0.98480775	-0.00000000	NAN	NAN	NAN	NAN	NAN	NAN	NAN	NAN	NAN	NAN	NONE	NAN	NAN	NONE	NONE	NAN	BAX	C	230	0.00000000	0.00000000	LOWERFARS	FRACTURE	80.00000000	72.00000000	NAN	NAN	80.00000000	72.00000000	NAN	NAN	0.00000000		PLANE	1.00 0.00 0.67	   	NAN	NAN	NAN	NAN	NAN	NAN	NAN	NAN	NAN	0.30279289	0.09772921	-0.94803242	0.25287578	0.43799370	-0.86267918	0.43133959	0.74710208	0.50575156	30.00000000	59.61874486	72.11203494	71.44748367	NORMAL	NAN	NAN	NAN	NAN	NAN	NAN	NAN	NAN	NAN	NAN	NAN	NAN	NAN	NAN	NAN
BZ0121	52	0.91421420	0.26214670	0.30901699	0.29704620	0.08517663	-0.95105652	-0.27563736	0.96126170	-0.00000000	NAN	NAN	NAN	NAN	NAN	NAN	NAN	NAN	NAN	NAN	NONE	NAN	NAN	NONE	NONE	NAN	BAX	C	230	0.00000000	0.00000000	LOWERFARS	FRACTURE	74.00000000	72.00000000	NAN	NAN	74.00000000	72.00000000	NAN	NAN	0.00000000		PLANE	1.00 0.00 0.67	   	NAN	NAN	NAN	NAN	NAN	NAN	NAN	NAN	NAN	0.30279289	0.09772921	-0.94803242	0.25287578	0.43799370	-0.86267918	0.43133959	0.74710208	0.50575156	30.00000000	59.61874486	72.11203494	71.44748367	NORMAL	NAN	NAN	NAN	NAN	NAN	NAN	NAN	NAN	NAN	NAN	NAN	NAN	NAN	NAN	NAN
BZ0122	53	0.89370079	0.32528049	0.30901699	0.29038099	0.10569004	-0.95105652	-0.34202014	0.93969262	0.00000000	NAN	NAN	NAN	NAN	NAN	NAN	NAN	NAN	NAN	NAN	NONE	NAN	NAN	NONE	NONE	NAN	BAX	C	230	0.00000000	0.00000000	LOWERFARS	FRACTURE	70.00000000	72.00000000	NAN	NAN	70.00000000	72.00000000	NAN	NAN	0.00000000		PLANE	1.00 0.00 0.67	   	NAN	NAN	NAN	NAN	NAN	NAN	NAN	NAN	NAN	0.30279289	0.09772921	-0.94803242	0.25287578	0.43799370	-0.86267918	0.43133959	0.74710208	0.50575156	30.00000000	59.61874486	72.11203494	71.44748367	NORMAL	NAN	NAN	NAN	NAN	NAN	NAN	NAN	NAN	NAN	NAN	NAN	NAN	NAN	NAN	NAN
BZ0123	54	0.83973306	0.44649399	0.30901699	0.27284581	0.14507469	-0.95105652	-0.46947156	0.88294759	-0.00000000	NAN	NAN	NAN	NAN	NAN	NAN	NAN	NAN	NAN	NAN	NONE	NAN	NAN	NONE	NONE	NAN	BAX	C	230	0.00000000	0.00000000	LOWERFARS	FRACTURE	62.00000000	72.00000000	NAN	NAN	62.00000000	72.00000000	NAN	NAN	0.00000000		PLANE	1.00 0.00 0.67	   	NAN	NAN	NAN	NAN	NAN	NAN	NAN	NAN	NAN	0.30279289	0.09772921	-0.94803242	0.25287578	0.43799370	-0.86267918	0.43133959	0.74710208	0.50575156	30.00000000	59.61874486	72.11203494	71.44748367	NORMAL	NAN	NAN	NAN	NAN	NAN	NAN	NAN	NAN	NAN	NAN	NAN	NAN	NAN	NAN	NAN
BZ0124	55	0.80654167	0.50398317	0.30901699	0.26206127	0.16375406	-0.95105652	-0.52991926	0.84804810	-0.00000000	NAN	NAN	NAN	NAN	NAN	NAN	NAN	NAN	NAN	NAN	NONE	NAN	NAN	NONE	NONE	NAN	BAX	C	230	0.00000000	0.00000000	LOWERFARS	FRACTURE	58.00000000	72.00000000	NAN	NAN	58.00000000	72.00000000	NAN	NAN	0.00000000		PLANE	1.00 0.00 0.67	   	NAN	NAN	NAN	NAN	NAN	NAN	NAN	NAN	NAN	0.30279289	0.09772921	-0.94803242	0.25287578	0.43799370	-0.86267918	0.43133959	0.74710208	0.50575156	30.00000000	59.61874486	72.11203494	71.44748367	NORMAL	NAN	NAN	NAN	NAN	NAN	NAN	NAN	NAN	NAN	NAN	NAN	NAN	NAN	NAN	NAN
BZ0125	56	0.80654167	0.50398317	0.30901699	0.26206127	0.16375406	-0.95105652	-0.52991926	0.84804810	-0.00000000	NAN	NAN	NAN	NAN	NAN	NAN	NAN	NAN	NAN	NAN	NONE	NAN	NAN	NONE	NONE	NAN	AAX	D	230	0.00000000	0.00000000	LOWERFARS	FRACTURE	58.00000000	72.00000000	NAN	NAN	58.00000000	72.00000000	NAN	NAN	0.00000000		PLANE	1.00 0.00 0.00	   	NAN	NAN	NAN	NAN	NAN	NAN	NAN	NAN	NAN	0.30279289	0.09772921	-0.94803242	0.25287578	0.43799370	-0.86267918	0.43133959	0.74710208	0.50575156	30.00000000	59.61874486	72.11203494	71.44748367	NORMAL	NAN	NAN	NAN	NAN	NAN	NAN	NAN	NAN	NAN	NAN	NAN	NAN	NAN	NAN	NAN
BZ0126	57	0.77905989	0.54550361	0.30901699	0.25313190	0.17724487	-0.95105652	-0.57357644	0.81915204	0.00000000	NAN	NAN	NAN	NAN	NAN	NAN	NAN	NAN	NAN	NAN	NONE	NAN	NAN	NONE	NONE	NAN	AAX	D	230	0.00000000	0.00000000	LOWERFARS	FRACTURE	55.00000000	72.00000000	NAN	NAN	55.00000000	72.00000000	NAN	NAN	0.00000000		PLANE	1.00 0.00 0.00	   	NAN	NAN	NAN	NAN	NAN	NAN	NAN	NAN	NAN	0.30279289	0.09772921	-0.94803242	0.25287578	0.43799370	-0.86267918	0.43133959	0.74710208	0.50575156	30.00000000	59.61874486	72.11203494	71.44748367	NORMAL	NAN	NAN	NAN	NAN	NAN	NAN	NAN	NAN	NAN	NAN	NAN	NAN	NAN	NAN	NAN
BZ0127	58	0.68413280	0.66065937	0.30901699	0.22228822	0.21466124	-0.95105652	-0.69465837	0.71933980	-0.00000000	NAN	NAN	NAN	NAN	NAN	NAN	NAN	NAN	NAN	NAN	NONE	NAN	NAN	NONE	NONE	NAN	AAX	D	230	0.00000000	0.00000000	LOWERFARS	FRACTURE	46.00000000	72.00000000	NAN	NAN	46.00000000	72.00000000	NAN	NAN	0.00000000		PLANE	1.00 0.00 0.00	   	NAN	NAN	NAN	NAN	NAN	NAN	NAN	NAN	NAN	0.30279289	0.09772921	-0.94803242	0.25287578	0.43799370	-0.86267918	0.43133959	0.74710208	0.50575156	30.00000000	59.61874486	72.11203494	71.44748367	NORMAL	NAN	NAN	NAN	NAN	NAN	NAN	NAN	NAN	NAN	NAN	NAN	NAN	NAN	NAN	NAN
BZ0128	59	0.66065937	0.68413280	0.30901699	0.21466124	0.22228822	-0.95105652	-0.71933980	0.69465837	-0.00000000	NAN	NAN	NAN	NAN	NAN	NAN	NAN	NAN	NAN	NAN	NONE	NAN	NAN	NONE	NONE	NAN	AAX	D	230	0.00000000	0.00000000	LOWERFARS	FRACTURE	44.00000000	72.00000000	NAN	NAN	44.00000000	72.00000000	NAN	NAN	0.00000000		PLANE	1.00 0.00 0.00	   	NAN	NAN	NAN	NAN	NAN	NAN	NAN	NAN	NAN	0.30279289	0.09772921	-0.94803242	0.25287578	0.43799370	-0.86267918	0.43133959	0.74710208	0.50575156	30.00000000	59.61874486	72.11203494	71.44748367	NORMAL	NAN	NAN	NAN	NAN	NAN	NAN	NAN	NAN	NAN	NAN	NAN	NAN	NAN	NAN	NAN
BZ0129	60	0.58552886	0.74944276	0.30901699	0.19024986	0.24350871	-0.95105652	-0.78801075	0.61566148	-0.00000000	NAN	NAN	NAN	NAN	NAN	NAN	NAN	NAN	NAN	NAN	NONE	NAN	NAN	NONE	NONE	NAN	AAX	D	230	0.00000000	0.00000000	LOWERFARS	FRACTURE	38.00000000	72.00000000	NAN	NAN	38.00000000	72.00000000	NAN	NAN	0.00000000		PLANE	1.00 0.00 0.00	   	NAN	NAN	NAN	NAN	NAN	NAN	NAN	NAN	NAN	0.30279289	0.09772921	-0.94803242	0.25287578	0.43799370	-0.86267918	0.43133959	0.74710208	0.50575156	30.00000000	59.61874486	72.11203494	71.44748367	NORMAL	NAN	NAN	NAN	NAN	NAN	NAN	NAN	NAN	NAN	NAN	NAN	NAN	NAN	NAN	NAN
BZ0130	61	0.70677273	-0.63638102	0.30901699	0.22964438	-0.20677273	-0.95105652	0.66913061	0.74314483	0.00000000	NAN	NAN	NAN	NAN	NAN	NAN	NAN	NAN	NAN	NAN	NONE	NAN	NAN	NONE	NONE	NAN	ABX	D	230	0.00000000	0.00000000	LOWERFARS	FRACTURE	132.00000000	72.00000000	NAN	NAN	132.00000000	72.00000000	NAN	NAN	0.00000000		PLANE	1.00 0.00 0.00	   	NAN	NAN	NAN	NAN	NAN	NAN	NAN	NAN	NAN	0.30279289	0.09772921	-0.94803242	0.25287578	0.43799370	-0.86267918	0.43133959	0.74710208	0.50575156	30.00000000	59.61874486	72.11203494	71.44748367	NORMAL	NAN	NAN	NAN	NAN	NAN	NAN	NAN	NAN	NAN	NAN	NAN	NAN	NAN	NAN	NAN
BZ0131	62	0.74944276	-0.58552886	0.30901699	0.24350871	-0.19024986	-0.95105652	0.61566148	0.78801075	-0.00000000	NAN	NAN	NAN	NAN	NAN	NAN	NAN	NAN	NAN	NAN	NONE	NAN	NAN	NONE	NONE	NAN	ABX	A	230	0.00000000	0.00000000	LOWERFARS	FRACTURE	128.00000000	72.00000000	NAN	NAN	128.00000000	72.00000000	NAN	NAN	0.00000000		PLANE	0.00 0.00 0.00	   	NAN	NAN	NAN	NAN	NAN	NAN	NAN	NAN	NAN	0.30279289	0.09772921	-0.94803242	0.25287578	0.43799370	-0.86267918	0.43133959	0.74710208	0.50575156	30.00000000	59.61874486	72.11203494	71.44748367	NORMAL	NAN	NAN	NAN	NAN	NAN	NAN	NAN	NAN	NAN	NAN	NAN	NAN	NAN	NAN	NAN
BZ0132	63	0.88180425	-0.35627204	0.30901699	0.28651557	-0.11575980	-0.95105652	0.37460659	0.92718385	0.00000000	NAN	NAN	NAN	NAN	NAN	NAN	NAN	NAN	NAN	NAN	NONE	NAN	NAN	NONE	NONE	NAN	ABX	A	230	0.00000000	0.00000000	LOWERFARS	FRACTURE	112.00000000	72.00000000	NAN	NAN	112.00000000	72.00000000	NAN	NAN	0.00000000		PLANE	0.00 0.00 0.00	   	NAN	NAN	NAN	NAN	NAN	NAN	NAN	NAN	NAN	0.30279289	0.09772921	-0.94803242	0.25287578	0.43799370	-0.86267918	0.43133959	0.74710208	0.50575156	30.00000000	59.61874486	72.11203494	71.44748367	NORMAL	NAN	NAN	NAN	NAN	NAN	NAN	NAN	NAN	NAN	NAN	NAN	NAN	NAN	NAN	NAN
BZ0133	64	0.79690454	0.49796122	0.34202014	0.29004953	0.18124306	-0.93969262	-0.52991926	0.84804810	-0.00000000	NAN	NAN	NAN	NAN	NAN	NAN	NAN	NAN	NAN	NAN	NONE	NAN	NAN	NONE	NONE	NAN	AAX	A	230	0.00000000	0.00000000	LOWERFARS	FRACTURE	58.00000000	70.00000000	NAN	NAN	58.00000000	70.00000000	NAN	NAN	0.00000000		PLANE	0.00 0.00 0.00	   	NAN	NAN	NAN	NAN	NAN	NAN	NAN	NAN	NAN	0.30279289	0.09772921	-0.94803242	0.25287578	0.43799370	-0.86267918	0.43133959	0.74710208	0.50575156	30.00000000	59.61874486	72.11203494	71.44748367	NORMAL	NAN	NAN	NAN	NAN	NAN	NAN	NAN	NAN	NAN	NAN	NAN	NAN	NAN	NAN	NAN
BZ0134	65	0.71984631	0.60402277	0.34202014	0.26200263	0.21984631	-0.93969262	-0.64278761	0.76604444	0.00000000	NAN	NAN	NAN	NAN	NAN	NAN	NAN	NAN	NAN	NAN	NONE	NAN	NAN	NONE	NONE	NAN	AAX	A	230	0.00000000	0.00000000	LOWERFARS	FRACTURE	50.00000000	70.00000000	NAN	NAN	50.00000000	70.00000000	NAN	NAN	0.00000000		PLANE	0.00 0.00 0.00	   	NAN	NAN	NAN	NAN	NAN	NAN	NAN	NAN	NAN	0.30279289	0.09772921	-0.94803242	0.25287578	0.43799370	-0.86267918	0.43133959	0.74710208	0.50575156	30.00000000	59.61874486	72.11203494	71.44748367	NORMAL	NAN	NAN	NAN	NAN	NAN	NAN	NAN	NAN	NAN	NAN	NAN	NAN	NAN	NAN	NAN
BZ0135	66	0.69832771	0.62877709	0.34202014	0.25417050	0.22885615	-0.93969262	-0.66913061	0.74314483	-0.00000000	NAN	NAN	NAN	NAN	NAN	NAN	NAN	NAN	NAN	NAN	NONE	NAN	NAN	NONE	NONE	NAN	AAX	A	230	0.00000000	0.00000000	LOWERFARS	FRACTURE	48.00000000	70.00000000	NAN	NAN	48.00000000	70.00000000	NAN	NAN	0.00000000		PLANE	0.00 0.00 0.00	   	NAN	NAN	NAN	NAN	NAN	NAN	NAN	NAN	NAN	0.30279289	0.09772921	-0.94803242	0.25287578	0.43799370	-0.86267918	0.43133959	0.74710208	0.50575156	30.00000000	59.61874486	72.11203494	71.44748367	NORMAL	NAN	NAN	NAN	NAN	NAN	NAN	NAN	NAN	NAN	NAN	NAN	NAN	NAN	NAN	NAN
