NAME_ID s	iID i	N.X d	N.Y d	N.Z d	D.X d	D.Y d	D.Z d	S.X d	S.Y d	S.Z d	NC.X d	NC.Y d	NC.Z d	DC.X d	DC.Y d	DC.Z d	SC.X d	SC.Y d	SC.Z d	LPITCH  d	LPITCHSENSE s	PITCHANGLE  d	MISFIT d	LINEATION s	OFFSET s	DEPTH d	GC s	COLOR s	LOC s	LOCX d	LOCY d	FORMATION s	DATATYPE s	DIPDIR d	DIP d	LDIR d	LDIP d	corr.DIPDIR d	corr.DIP d	corrL.DIPDIR d	corrL.DIP d	PALEON d	COMMENT s	DATAGROUP s	PSCOLOR s	DASHED s	ptnP.X d	ptnP.Y d	ptnP.Z d	ptnT.X d	ptnT.Y d	ptnT.Z d	ptnN.X d	ptnN.Y d	ptnN.Z d	avD.X d	avD.Y d	avD.Z d	avS0D.X d	avS0D.Y d	avS0D.Z d	avS0N.X d	avS0N.Y d	avS0N.Z d	avS0d.DIPDIR d	avS0d.DIP d	avd.DIPDIR d	avd.DIP d	avS0offset s	fold_great_circle_N.X d	fold_great_circle_N.Y d	fold_great_circle_N.Z d	SHEAR_S.X d	SHEAR_S.Y d	SHEAR_S.Z d	NORMAL_S.X d	NORMAL_S.Y d	NORMAL_S.Z d	UPSILON.X d	UPSILON.Y d	UPSILON.Z d	lambda d	ANG d	RUP d
F_SURF_01	0	-0.04048822	-0.25563255	0.96592583	-0.15110409	-0.95403368	-0.25881905	0.98768834	-0.15643446	0.00000000	NAN	NAN	NAN	NAN	NAN	NAN	NAN	NAN	NAN	NAN	NONE	NAN	NAN	NONE	NONE	NAN	XXX		FOLDSURF	0.00000000	0.00000000		FOLDSURFACE	189.00000000	15.00000000	NAN	NAN	188.99999999	15.00000000	NAN	NAN	0.00000000		PLANE	0.00 0.00 0.00	   	NAN	NAN	NAN	NAN	NAN	NAN	NAN	NAN	NAN	-0.76191789	0.18213827	-0.62153582	NAN	NAN	NAN	NAN	NAN	NAN	NAN	NAN	283.44438363	38.42837544		0.61688255	0.72986844	0.29453009	NAN	NAN	NAN	NAN	NAN	NAN	NAN	NAN	NAN	NAN	NAN	NAN
F_SURF_02	1	0.33869163	-0.93054760	0.13917310	0.04760000	-0.13077994	-0.99026807	0.93969262	0.34202014	0.00000000	NAN	NAN	NAN	NAN	NAN	NAN	NAN	NAN	NAN	NAN	NONE	NAN	NAN	NONE	NONE	NAN	XXX		FOLDSURF	0.00000000	0.00000000		FOLDSURFACE	160.00000000	82.00000000	NAN	NAN	159.99999999	82.00000000	NAN	NAN	0.00000000		PLANE	0.00 0.00 0.00	   	NAN	NAN	NAN	NAN	NAN	NAN	NAN	NAN	NAN	-0.76191789	0.18213827	-0.62153582	NAN	NAN	NAN	NAN	NAN	NAN	NAN	NAN	283.44438363	38.42837544		0.61688255	0.72986844	0.29453009	NAN	NAN	NAN	NAN	NAN	NAN	NAN	NAN	NAN	NAN	NAN	NAN
F_SURF_03	2	-0.78118341	0.16604566	0.60181502	-0.58866392	0.12512438	-0.79863551	-0.20791169	-0.97814760	0.00000000	NAN	NAN	NAN	NAN	NAN	NAN	NAN	NAN	NAN	NAN	NONE	NAN	NAN	NONE	NONE	NAN	XXX		FOLDSURF	0.00000000	0.00000000		FOLDSURFACE	282.00000000	53.00000000	NAN	NAN	281.99999998	53.00000000	NAN	NAN	0.00000000		PLANE	0.00 0.00 0.00	   	NAN	NAN	NAN	NAN	NAN	NAN	NAN	NAN	NAN	-0.76191789	0.18213827	-0.62153582	NAN	NAN	NAN	NAN	NAN	NAN	NAN	NAN	283.44438363	38.42837544		0.61688255	0.72986844	0.29453009	NAN	NAN	NAN	NAN	NAN	NAN	NAN	NAN	NAN	NAN	NAN	NAN
F_SURF_04	3	-0.63003676	0.32101976	0.70710678	-0.63003676	0.32101976	-0.70710678	-0.45399050	-0.89100652	0.00000000	NAN	NAN	NAN	NAN	NAN	NAN	NAN	NAN	NAN	NAN	NONE	NAN	NAN	NONE	NONE	NAN	XXX		FOLDSURF	0.00000000	0.00000000		FOLDSURFACE	297.00000000	45.00000000	NAN	NAN	296.99999998	45.00000000	NAN	NAN	0.00000000		PLANE	0.00 0.00 0.00	   	NAN	NAN	NAN	NAN	NAN	NAN	NAN	NAN	NAN	-0.76191789	0.18213827	-0.62153582	NAN	NAN	NAN	NAN	NAN	NAN	NAN	NAN	283.44438363	38.42837544		0.61688255	0.72986844	0.29453009	NAN	NAN	NAN	NAN	NAN	NAN	NAN	NAN	NAN	NAN	NAN	NAN
F_SURF_05	4	-0.85936531	0.32987944	0.39073113	-0.36477893	0.14002551	-0.92050485	-0.35836795	-0.93358043	0.00000000	NAN	NAN	NAN	NAN	NAN	NAN	NAN	NAN	NAN	NAN	NONE	NAN	NAN	NONE	NONE	NAN	XXX		FOLDSURF	0.00000000	0.00000000		FOLDSURFACE	291.00000000	67.00000000	NAN	NAN	290.99999998	67.00000000	NAN	NAN	0.00000000		PLANE	0.00 0.00 0.00	   	NAN	NAN	NAN	NAN	NAN	NAN	NAN	NAN	NAN	-0.76191789	0.18213827	-0.62153582	NAN	NAN	NAN	NAN	NAN	NAN	NAN	NAN	283.44438363	38.42837544		0.61688255	0.72986844	0.29453009	NAN	NAN	NAN	NAN	NAN	NAN	NAN	NAN	NAN	NAN	NAN	NAN
F_SURF_06	5	-0.81971317	0.49253336	0.29237170	-0.25061147	0.15058256	-0.95630476	-0.51503807	-0.85716730	0.00000000	NAN	NAN	NAN	NAN	NAN	NAN	NAN	NAN	NAN	NAN	NONE	NAN	NAN	NONE	NONE	NAN	XXX		FOLDSURF	0.00000000	0.00000000		FOLDSURFACE	301.00000000	73.00000000	NAN	NAN	300.99999998	73.00000000	NAN	NAN	0.00000000		PLANE	0.00 0.00 0.00	   	NAN	NAN	NAN	NAN	NAN	NAN	NAN	NAN	NAN	-0.76191789	0.18213827	-0.62153582	NAN	NAN	NAN	NAN	NAN	NAN	NAN	NAN	283.44438363	38.42837544		0.61688255	0.72986844	0.29453009	NAN	NAN	NAN	NAN	NAN	NAN	NAN	NAN	NAN	NAN	NAN	NAN
F_SURF_07	6	-0.72713966	0.52829789	0.43837115	-0.35464971	0.25766810	-0.89879405	-0.58778525	-0.80901699	0.00000000	NAN	NAN	NAN	NAN	NAN	NAN	NAN	NAN	NAN	NAN	NONE	NAN	NAN	NONE	NONE	NAN	XXX		FOLDSURF	0.00000000	0.00000000		FOLDSURFACE	306.00000000	64.00000000	NAN	NAN	305.99999998	64.00000000	NAN	NAN	0.00000000		PLANE	0.00 0.00 0.00	   	NAN	NAN	NAN	NAN	NAN	NAN	NAN	NAN	NAN	-0.76191789	0.18213827	-0.62153582	NAN	NAN	NAN	NAN	NAN	NAN	NAN	NAN	283.44438363	38.42837544		0.61688255	0.72986844	0.29453009	NAN	NAN	NAN	NAN	NAN	NAN	NAN	NAN	NAN	NAN	NAN	NAN
F_SURF_08	7	-0.69528941	0.45152622	0.55919290	-0.46897863	0.30455828	-0.82903757	-0.54463903	-0.83867057	0.00000000	NAN	NAN	NAN	NAN	NAN	NAN	NAN	NAN	NAN	NAN	NONE	NAN	NAN	NONE	NONE	NAN	XXX		FOLDSURF	0.00000000	0.00000000		FOLDSURFACE	303.00000000	56.00000000	NAN	NAN	302.99999998	56.00000000	NAN	NAN	0.00000000		PLANE	0.00 0.00 0.00	   	NAN	NAN	NAN	NAN	NAN	NAN	NAN	NAN	NAN	-0.76191789	0.18213827	-0.62153582	NAN	NAN	NAN	NAN	NAN	NAN	NAN	NAN	283.44438363	38.42837544		0.61688255	0.72986844	0.29453009	NAN	NAN	NAN	NAN	NAN	NAN	NAN	NAN	NAN	NAN	NAN	NAN
F_SURF_09	8	-0.85480393	0.41691574	0.30901699	-0.27774263	0.13546413	-0.95105652	-0.43837115	-0.89879405	0.00000000	NAN	NAN	NAN	NAN	NAN	NAN	NAN	NAN	NAN	NAN	NONE	NAN	NAN	NONE	NONE	NAN	XXX		FOLDSURF	0.00000000	0.00000000		FOLDSURFACE	296.00000000	72.00000000	NAN	NAN	295.99999998	72.00000000	NAN	NAN	0.00000000		PLANE	0.00 0.00 0.00	   	NAN	NAN	NAN	NAN	NAN	NAN	NAN	NAN	NAN	-0.76191789	0.18213827	-0.62153582	NAN	NAN	NAN	NAN	NAN	NAN	NAN	NAN	283.44438363	38.42837544		0.61688255	0.72986844	0.29453009	NAN	NAN	NAN	NAN	NAN	NAN	NAN	NAN	NAN	NAN	NAN	NAN
F_SURF_10	9	-0.75736351	0.51084814	0.40673664	-0.33719996	0.22744424	-0.91354546	-0.55919290	-0.82903757	0.00000000	NAN	NAN	NAN	NAN	NAN	NAN	NAN	NAN	NAN	NAN	NONE	NAN	NAN	NONE	NONE	NAN	XXX		FOLDSURF	0.00000000	0.00000000		FOLDSURFACE	304.00000000	66.00000000	NAN	NAN	303.99999998	66.00000000	NAN	NAN	0.00000000		PLANE	0.00 0.00 0.00	   	NAN	NAN	NAN	NAN	NAN	NAN	NAN	NAN	NAN	-0.76191789	0.18213827	-0.62153582	NAN	NAN	NAN	NAN	NAN	NAN	NAN	NAN	283.44438363	38.42837544		0.61688255	0.72986844	0.29453009	NAN	NAN	NAN	NAN	NAN	NAN	NAN	NAN	NAN	NAN	NAN	NAN
F_SURF_11	10	-0.52205155	0.20039681	0.82903757	-0.77397325	0.29710049	-0.55919290	-0.35836795	-0.93358043	0.00000000	NAN	NAN	NAN	NAN	NAN	NAN	NAN	NAN	NAN	NAN	NONE	NAN	NAN	NONE	NONE	NAN	XXX		FOLDSURF	0.00000000	0.00000000		FOLDSURFACE	291.00000000	34.00000000	NAN	NAN	290.99999998	34.00000000	NAN	NAN	0.00000000		PLANE	0.00 0.00 0.00	   	NAN	NAN	NAN	NAN	NAN	NAN	NAN	NAN	NAN	-0.76191789	0.18213827	-0.62153582	NAN	NAN	NAN	NAN	NAN	NAN	NAN	NAN	283.44438363	38.42837544		0.61688255	0.72986844	0.29453009	NAN	NAN	NAN	NAN	NAN	NAN	NAN	NAN	NAN	NAN	NAN	NAN
F_SURF_12	11	-0.40277831	0.05660680	0.91354546	-0.90465490	0.12714095	-0.40673664	-0.13917310	-0.99026807	0.00000000	NAN	NAN	NAN	NAN	NAN	NAN	NAN	NAN	NAN	NAN	NONE	NAN	NAN	NONE	NONE	NAN	XXX		FOLDSURF	0.00000000	0.00000000		FOLDSURFACE	278.00000000	24.00000000	NAN	NAN	277.99999998	24.00000000	NAN	NAN	0.00000000		PLANE	0.00 0.00 0.00	   	NAN	NAN	NAN	NAN	NAN	NAN	NAN	NAN	NAN	-0.76191789	0.18213827	-0.62153582	NAN	NAN	NAN	NAN	NAN	NAN	NAN	NAN	283.44438363	38.42837544		0.61688255	0.72986844	0.29453009	NAN	NAN	NAN	NAN	NAN	NAN	NAN	NAN	NAN	NAN	NAN	NAN
F_SURF_13	12	-0.20082727	-0.05381151	0.97814760	-0.94481803	-0.25316323	-0.20791169	0.25881905	-0.96592583	0.00000000	NAN	NAN	NAN	NAN	NAN	NAN	NAN	NAN	NAN	NAN	NONE	NAN	NAN	NONE	NONE	NAN	XXX		FOLDSURF	0.00000000	0.00000000		FOLDSURFACE	255.00000000	12.00000000	NAN	NAN	254.99999999	12.00000000	NAN	NAN	0.00000000		PLANE	0.00 0.00 0.00	   	NAN	NAN	NAN	NAN	NAN	NAN	NAN	NAN	NAN	-0.76191789	0.18213827	-0.62153582	NAN	NAN	NAN	NAN	NAN	NAN	NAN	NAN	283.44438363	38.42837544		0.61688255	0.72986844	0.29453009	NAN	NAN	NAN	NAN	NAN	NAN	NAN	NAN	NAN	NAN	NAN	NAN
F_SURF_14	13	-0.29704620	-0.08517663	0.95105652	-0.91421420	-0.26214670	-0.30901699	0.27563736	-0.96126170	0.00000000	NAN	NAN	NAN	NAN	NAN	NAN	NAN	NAN	NAN	NAN	NONE	NAN	NAN	NONE	NONE	NAN	XXX		FOLDSURF	0.00000000	0.00000000		FOLDSURFACE	254.00000000	18.00000000	NAN	NAN	253.99999999	18.00000000	NAN	NAN	0.00000000		PLANE	0.00 0.00 0.00	   	NAN	NAN	NAN	NAN	NAN	NAN	NAN	NAN	NAN	-0.76191789	0.18213827	-0.62153582	NAN	NAN	NAN	NAN	NAN	NAN	NAN	NAN	283.44438363	38.42837544		0.61688255	0.72986844	0.29453009	NAN	NAN	NAN	NAN	NAN	NAN	NAN	NAN	NAN	NAN	NAN	NAN
F_SURF_15	14	-0.70302230	0.20158840	0.68199836	-0.65557890	0.18798422	-0.73135370	-0.27563736	-0.96126170	0.00000000	NAN	NAN	NAN	NAN	NAN	NAN	NAN	NAN	NAN	NAN	NONE	NAN	NAN	NONE	NONE	NAN	XXX		FOLDSURF	0.00000000	0.00000000		FOLDSURFACE	286.00000000	47.00000000	NAN	NAN	285.99999998	47.00000000	NAN	NAN	0.00000000		PLANE	0.00 0.00 0.00	   	NAN	NAN	NAN	NAN	NAN	NAN	NAN	NAN	NAN	-0.76191789	0.18213827	-0.62153582	NAN	NAN	NAN	NAN	NAN	NAN	NAN	NAN	283.44438363	38.42837544		0.61688255	0.72986844	0.29453009	NAN	NAN	NAN	NAN	NAN	NAN	NAN	NAN	NAN	NAN	NAN	NAN
F_SURF_16	15	-0.47216152	0.24057831	0.84804810	-0.75561639	0.38500578	-0.52991926	-0.45399050	-0.89100652	0.00000000	NAN	NAN	NAN	NAN	NAN	NAN	NAN	NAN	NAN	NAN	NONE	NAN	NAN	NONE	NONE	NAN	XXX		FOLDSURF	0.00000000	0.00000000		FOLDSURFACE	297.00000000	32.00000000	NAN	NAN	296.99999998	32.00000000	NAN	NAN	0.00000000		PLANE	0.00 0.00 0.00	   	NAN	NAN	NAN	NAN	NAN	NAN	NAN	NAN	NAN	-0.76191789	0.18213827	-0.62153582	NAN	NAN	NAN	NAN	NAN	NAN	NAN	NAN	283.44438363	38.42837544		0.61688255	0.72986844	0.29453009	NAN	NAN	NAN	NAN	NAN	NAN	NAN	NAN	NAN	NAN	NAN	NAN
F_SURF_17	16	-0.23979496	-0.26631929	0.93358043	-0.62468724	-0.69378546	-0.35836795	0.74314483	-0.66913061	0.00000000	NAN	NAN	NAN	NAN	NAN	NAN	NAN	NAN	NAN	NAN	NONE	NAN	NAN	NONE	NONE	NAN	XXX		FOLDSURF	0.00000000	0.00000000		FOLDSURFACE	222.00000000	21.00000000	NAN	NAN	221.99999999	21.00000000	NAN	NAN	0.00000000		PLANE	0.00 0.00 0.00	   	NAN	NAN	NAN	NAN	NAN	NAN	NAN	NAN	NAN	-0.76191789	0.18213827	-0.62153582	NAN	NAN	NAN	NAN	NAN	NAN	NAN	NAN	283.44438363	38.42837544		0.61688255	0.72986844	0.29453009	NAN	NAN	NAN	NAN	NAN	NAN	NAN	NAN	NAN	NAN	NAN	NAN
F_SURF_18	17	0.11345880	-0.42343401	0.89879405	0.23262502	-0.86816838	-0.43837115	0.96592583	0.25881905	0.00000000	NAN	NAN	NAN	NAN	NAN	NAN	NAN	NAN	NAN	NAN	NONE	NAN	NAN	NONE	NONE	NAN	XXX		FOLDSURF	0.00000000	0.00000000		FOLDSURFACE	165.00000000	26.00000000	NAN	NAN	164.99999999	26.00000000	NAN	NAN	0.00000000		PLANE	0.00 0.00 0.00	   	NAN	NAN	NAN	NAN	NAN	NAN	NAN	NAN	NAN	-0.76191789	0.18213827	-0.62153582	NAN	NAN	NAN	NAN	NAN	NAN	NAN	NAN	283.44438363	38.42837544		0.61688255	0.72986844	0.29453009	NAN	NAN	NAN	NAN	NAN	NAN	NAN	NAN	NAN	NAN	NAN	NAN
F_SURF_19	18	-0.86560070	0.34972538	0.35836795	-0.33227298	0.13424700	-0.93358043	-0.37460659	-0.92718385	0.00000000	NAN	NAN	NAN	NAN	NAN	NAN	NAN	NAN	NAN	NAN	NONE	NAN	NAN	NONE	NONE	NAN	XXX		FOLDSURF	0.00000000	0.00000000		FOLDSURFACE	292.00000000	69.00000000	NAN	NAN	291.99999998	69.00000000	NAN	NAN	0.00000000		PLANE	0.00 0.00 0.00	   	NAN	NAN	NAN	NAN	NAN	NAN	NAN	NAN	NAN	-0.76191789	0.18213827	-0.62153582	NAN	NAN	NAN	NAN	NAN	NAN	NAN	NAN	283.44438363	38.42837544		0.61688255	0.72986844	0.29453009	NAN	NAN	NAN	NAN	NAN	NAN	NAN	NAN	NAN	NAN	NAN	NAN
