NAME_ID s	iID i	N.X d	N.Y d	N.Z d	D.X d	D.Y d	D.Z d	S.X d	S.Y d	S.Z d	NC.X d	NC.Y d	NC.Z d	DC.X d	DC.Y d	DC.Z d	SC.X d	SC.Y d	SC.Z d	LPITCH  d	LPITCHSENSE s	PITCHANGLE  d	MISFIT d	LINEATION s	OFFSET s	DEPTH d	GC s	COLOR s	LOC s	LOCX d	LOCY d	FORMATION s	DATATYPE s	DIPDIR d	DIP d	LDIR d	LDIP d	corr.DIPDIR d	corr.DIP d	corrL.DIPDIR d	corrL.DIP d	PALEON d	COMMENT s	DATAGROUP s	PSCOLOR s	DASHED s	ptnP.X d	ptnP.Y d	ptnP.Z d	ptnT.X d	ptnT.Y d	ptnT.Z d	ptnN.X d	ptnN.Y d	ptnN.Z d	avD.X d	avD.Y d	avD.Z d	avS0D.X d	avS0D.Y d	avS0D.Z d	avS0N.X d	avS0N.Y d	avS0N.Z d	avS0d.DIPDIR d	avS0d.DIP d	avd.DIPDIR d	avd.DIP d	avS0offset s	TRAJECTORY.X d	TRAJECTORY.Y d	TRAJECTORY.Z d	fold_great_circle_N.X d	fold_great_circle_N.Y d	fold_great_circle_N.Z d	SHEAR_S.X d	SHEAR_S.Y d	SHEAR_S.Z d	NORMAL_S.X d	NORMAL_S.Y d	NORMAL_S.Z d	UPSILON.X d	UPSILON.Y d	UPSILON.Z d	lambda d	ANG d	RUP d
ANG_001	0	0.42402405	-0.76495963	0.48480962	0.23504037	-0.42402405	-0.87461971	0.87461971	0.48480962	0.00000000	0.64992262	-0.56523789	0.50804205	0.38334569	-0.33339586	-0.86133227	0.65623675	0.75455505	-0.00000000	80.00000000	E	80.00000000	NAN	PITCH	NORMAL	NAN	XXA		ANG002	0.00000000	0.00000000		STRIAE	151.00000000	61.00000000	NAN	NAN	151.00000000	61.00000000	131.01349355	59.46650063	30.00000000		STRIAE	0.00 0.00 0.00	   	NAN	NAN	NAN	NAN	NAN	NAN	NAN	NAN	NAN	NAN	NAN	NAN	0.13399615	0.11045790	-0.98480662	0.75990100	0.62641404	0.17365459	50.50000000	79.99962691	NAN	NAN	NORMAL	NAN	NAN	NAN	NAN	NAN	NAN	0.14337306	-0.28062630	-0.56818472	0.09517103	-0.17169308	0.10881418	NAN	NAN	NAN	0.64972366	10.93951274	7.76377925
ANG_002	1	0.67545705	-0.52772488	0.51503807	0.40585554	-0.31708910	-0.85716730	0.61566148	0.78801075	-0.00000000	0.46100149	-0.70714808	0.53611493	0.29278119	-0.44910844	-0.84414500	0.83770926	0.54611647	-0.00000000	80.00000000	S	100.00000000	NAN	PITCH	NORMAL	NAN	XXA		ANG002	0.00000000	0.00000000		STRIAE	128.00000000	59.00000000	NAN	NAN	128.00000000	59.00000000	146.89900763	57.58044546	30.00000000		STRIAE	0.00 0.00 0.00	   	NAN	NAN	NAN	NAN	NAN	NAN	NAN	NAN	NAN	NAN	NAN	NAN	0.13399615	0.11045790	-0.98480662	0.75990100	0.62641404	0.17365459	50.50000000	79.99962691	NAN	NAN	NORMAL	NAN	NAN	NAN	NAN	NAN	NAN	0.24260362	-0.27902091	-0.60406136	0.10046282	-0.07849016	0.07660321	NAN	NAN	NAN	0.70823676	4.28635108	3.27107997
ANG_003	2	-0.13705875	0.97522367	0.17364818	-0.02416716	0.17195825	-0.98480775	-0.99026807	-0.13917310	0.00000000	-0.82796152	0.10944949	0.55000048	-0.54525704	0.07207836	-0.83516434	-0.13105144	-0.99137557	-0.00000000	58.00000000	W	58.00000000	NAN	PITCH	NORMAL	NAN	XXA		ANG002	0.00000000	0.00000000		STRIAE	352.00000000	80.00000000	NAN	NAN	352.00000000	80.00000000	277.53035531	56.63295428	30.00000000		STRIAE	0.00 0.00 0.00	   	NAN	NAN	NAN	NAN	NAN	NAN	NAN	NAN	NAN	NAN	NAN	NAN	0.13399615	0.11045790	-0.98480662	0.75990100	0.62641404	0.17365459	50.50000000	79.99962691	NAN	NAN	NORMAL	NAN	NAN	NAN	NAN	NAN	NAN	-0.10116965	0.04206729	-0.31610585	-0.06191920	0.44057803	0.07844926	NAN	NAN	NAN	0.33455622	15.62296491	35.08766918
ANG_004	3	-0.54498500	0.75010750	0.37460659	-0.22018823	0.30306310	-0.92718385	-0.80901699	-0.58778525	-0.00000000	-0.82573076	0.37506989	0.42129714	-0.38358068	0.17423302	-0.90692266	-0.41356326	-0.91047539	-0.00000000	78.00000000	W	78.00000000	NAN	PITCH	NORMAL	NAN	XXA		ANG002	0.00000000	0.00000000		STRIAE	324.00000000	68.00000000	NAN	NAN	324.00000000	68.00000000	294.42887040	65.08349126	30.00000000		STRIAE	0.00 0.00 0.00	   	NAN	NAN	NAN	NAN	NAN	NAN	NAN	NAN	NAN	NAN	NAN	NAN	0.13399615	0.11045790	-0.98480662	0.75990100	0.62641404	0.17365459	50.50000000	79.99962691	NAN	NAN	NORMAL	NAN	NAN	NAN	NAN	NAN	NAN	-0.17734931	0.13019704	-0.51871615	-0.18808082	0.25887104	0.12928120	NAN	NAN	NAN	0.56344520	5.17577363	11.03131024
ANG_005	4	-0.66214689	0.59619974	0.45399050	-0.33738069	0.30377894	-0.89100652	-0.66913061	-0.74314483	-0.00000000	-0.83384788	0.25352028	0.49033171	-0.46912819	0.14263214	-0.87153589	-0.29088908	-0.95675678	-0.00000000	78.00000000	W	78.00000000	NAN	PITCH	NORMAL	NAN	XXA		ANG002	0.00000000	0.00000000		STRIAE	312.00000000	63.00000000	NAN	NAN	312.00000000	63.00000000	286.91119174	60.63761377	30.00000000		STRIAE	0.00 0.00 0.00	   	NAN	NAN	NAN	NAN	NAN	NAN	NAN	NAN	NAN	NAN	NAN	NAN	0.13399615	0.11045790	-0.98480662	0.75990100	0.62641404	0.17365459	50.50000000	79.99962691	NAN	NAN	NORMAL	NAN	NAN	NAN	NAN	NAN	NAN	-0.24446959	0.16004848	-0.56674233	-0.17339947	0.15612959	0.11888860	NAN	NAN	NAN	0.63763451	7.98524971	7.25971329
ANG_006	5	-0.37437839	-0.92661904	0.03489950	-0.01307358	-0.03235825	-0.99939083	0.92718385	-0.37460659	-0.00000000	-0.81153876	0.27430955	0.51590610	-0.48874123	0.16520022	-0.85664514	-0.32021374	-0.94734532	-0.00000000	59.00000000	W	121.00000000	NAN	PITCH	NORMAL	NAN	XXB		ANG002	0.00000000	0.00000000		STRIAE	202.00000000	88.00000000	NAN	NAN	202.00000000	88.00000000	288.67585167	58.94196051	30.00000000		STRIAE	0.00 0.00 0.00	   	NAN	NAN	NAN	NAN	NAN	NAN	NAN	NAN	NAN	NAN	NAN	NAN	0.13399615	0.11045790	-0.98480662	0.75990100	0.62641404	0.17365459	50.50000000	79.99962691	NAN	NAN	NORMAL	NAN	NAN	NAN	NAN	NAN	NAN	0.05232388	-0.01926233	0.04986004	-0.16684991	-0.41296802	0.01555372	NAN	NAN	NAN	0.07479873	162.83561895	101.54204614
ANG_007	6	-0.23663532	0.94909244	0.20791169	-0.05029839	0.20173583	-0.97814760	-0.97029573	-0.24192190	0.00000000	-0.87295257	0.15440531	0.46272325	-0.45565052	0.08059414	-0.88650279	-0.17417352	-0.98471498	-0.00000000	65.00000000	W	65.00000000	NAN	PITCH	NORMAL	NAN	XXA		ANG002	0.00000000	0.00000000		STRIAE	346.00000000	78.00000000	NAN	NAN	346.00000000	78.00000000	280.03056574	62.43702594	30.00000000		STRIAE	0.00 0.00 0.00	   	NAN	NAN	NAN	NAN	NAN	NAN	NAN	NAN	NAN	NAN	NAN	NAN	0.13399615	0.11045790	-0.98480662	0.75990100	0.62641404	0.17365459	50.50000000	79.99962691	NAN	NAN	NORMAL	NAN	NAN	NAN	NAN	NAN	NAN	-0.10789601	0.05088550	-0.35508852	-0.10580807	0.42437298	0.09296471	NAN	NAN	NAN	0.37459143	10.72256957	29.19497131
ANG_008	7	-0.57948410	0.64358230	0.50000000	-0.33456530	0.37157241	-0.86602540	-0.74314483	-0.66913061	0.00000000	-0.74898497	0.40792922	0.52212572	-0.45852825	0.24973408	-0.85286853	-0.47830259	-0.87819510	-0.00000000	80.00000000	W	80.00000000	NAN	PITCH	NORMAL	NAN	XXA		ANG002	0.00000000	0.00000000		STRIAE	318.00000000	60.00000000	NAN	NAN	318.00000000	60.00000000	298.57459985	58.52505111	30.00000000		STRIAE	0.00 0.00 0.00	   	NAN	NAN	NAN	NAN	NAN	NAN	NAN	NAN	NAN	NAN	NAN	NAN	0.13399615	0.11045790	-0.98480662	0.75990100	0.62641404	0.17365459	50.50000000	79.99962691	NAN	NAN	NORMAL	NAN	NAN	NAN	NAN	NAN	NAN	-0.27810151	0.21198052	-0.59516462	-0.10569878	0.11739039	0.09120076	NAN	NAN	NAN	0.69028770	4.61123569	4.01302107
ANG_009	8	0.16688531	-0.85855048	0.48480962	0.09250604	-0.47590230	-0.87461971	0.98162718	0.19080900	0.00000000	0.28704027	-0.82392066	0.48863344	0.16075555	-0.46143287	-0.87248918	0.94433338	0.32899007	-0.00000000	86.00000000	E	86.00000000	NAN	PITCH	NORMAL	NAN	XXA		ANG002	0.00000000	0.00000000		STRIAE	169.00000000	61.00000000	NAN	NAN	169.00000000	61.00000000	160.79251180	60.74919917	30.00000000		STRIAE	0.00 0.00 0.00	   	NAN	NAN	NAN	NAN	NAN	NAN	NAN	NAN	NAN	NAN	NAN	NAN	0.13399615	0.11045790	-0.98480662	0.75990100	0.62641404	0.17365459	50.50000000	79.99962691	NAN	NAN	NORMAL	NAN	NAN	NAN	NAN	NAN	NAN	0.08019384	-0.28864494	-0.53876701	0.03672718	-0.18894497	0.10669418	NAN	NAN	NAN	0.61645507	1.80185619	7.25305534
ANG_010	9	0.29710050	-0.77397325	0.55919290	0.20039681	-0.52205155	-0.82903757	0.93358043	0.35836795	0.00000000	0.34455236	-0.75349177	0.55994091	0.23285622	-0.50922667	-0.82853255	0.90942930	0.41585857	-0.00000000	88.00000000	E	88.00000000	NAN	PITCH	NORMAL	NAN	XXA		ANG002	0.00000000	0.00000000		STRIAE	159.00000000	56.00000000	NAN	NAN	159.00000000	56.00000000	155.42660371	55.94828871	30.00000000		STRIAE	0.00 0.00 0.00	   	NAN	NAN	NAN	NAN	NAN	NAN	NAN	NAN	NAN	NAN	NAN	NAN	0.13399615	0.11045790	-0.98480662	0.75990100	0.62641404	0.17365459	50.50000000	79.99962691	NAN	NAN	NORMAL	NAN	NAN	NAN	NAN	NAN	NAN	0.13761691	-0.36864957	-0.58336033	0.03200119	-0.08336594	0.06023159	NAN	NAN	NAN	0.70366910	2.29603886	3.15672673
ANG_011	10	-0.59136773	0.73027833	0.34202014	-0.21524025	0.26579957	-0.93969262	-0.77714596	-0.62932039	0.00000000	-0.87630416	0.04133791	0.47998145	-0.47944829	0.02261702	-0.87727864	-0.04712061	-0.99888921	-0.00000000	69.00000000	W	69.00000000	NAN	PITCH	NORMAL	NAN	XXA		ANG002	0.00000000	0.00000000		STRIAE	321.00000000	70.00000000	NAN	NAN	321.00000000	70.00000000	272.70081240	61.31580954	30.00000000		STRIAE	0.00 0.00 0.00	   	NAN	NAN	NAN	NAN	NAN	NAN	NAN	NAN	NAN	NAN	NAN	NAN	0.13399615	0.11045790	-0.98480662	0.75990100	0.62641404	0.17365459	50.50000000	79.99962691	NAN	NAN	NORMAL	NAN	NAN	NAN	NAN	NAN	NAN	-0.15471580	0.10169039	-0.48463876	-0.22985885	0.28385205	0.13293989	NAN	NAN	NAN	0.51879923	14.77656574	17.35333211
ANG_012	11	-0.60365126	0.47162405	0.64278761	-0.50652355	0.39573957	-0.76604444	-0.61566148	-0.78801075	0.00000000	-0.54776754	0.53284083	0.64500494	-0.46234331	0.44974442	-0.76417840	-0.69727282	-0.71680584	-0.00000000	86.00000000	N	94.00000000	NAN	PITCH	NORMAL	NAN	XXA		ANG002	0.00000000	0.00000000		STRIAE	308.00000000	50.00000000	NAN	NAN	308.00000000	50.00000000	314.20860967	49.83395389	30.00000000		STRIAE	0.00 0.00 0.00	   	NAN	NAN	NAN	NAN	NAN	NAN	NAN	NAN	NAN	NAN	NAN	NAN	0.13399615	0.11045790	-0.98480662	0.75990100	0.62641404	0.17365459	50.50000000	79.99962691	NAN	NAN	NORMAL	NAN	NAN	NAN	NAN	NAN	NAN	-0.42795744	0.26233735	-0.59438241	0.03502767	-0.02736662	-0.03729861	NAN	NAN	NAN	0.77798388	8.18332037	2.47937571
ANG_013	12	-0.38857298	0.67302814	0.62932039	-0.31466020	0.54500745	-0.77714596	-0.86602540	-0.50000000	-0.00000000	-0.55941772	0.51867022	0.64655473	-0.47412444	0.43958963	-0.76286760	-0.67989546	-0.73330905	-0.00000000	79.00000000	W	79.00000000	NAN	PITCH	NORMAL	NAN	XXA		ANG002	0.00000000	0.00000000		STRIAE	330.00000000	51.00000000	NAN	NAN	330.00000000	51.00000000	312.83547427	49.71765565	30.00000000		STRIAE	0.00 0.00 0.00	   	NAN	NAN	NAN	NAN	NAN	NAN	NAN	NAN	NAN	NAN	NAN	NAN	0.13399615	0.11045790	-0.98480662	0.75990100	0.62641404	0.17365459	50.50000000	79.99962691	NAN	NAN	NORMAL	NAN	NAN	NAN	NAN	NAN	NAN	-0.33079020	0.37110711	-0.60112730	0.03047398	-0.05278248	-0.04935469	NAN	NAN	NAN	0.78006197	3.56662284	1.15546512
ANG_014	13	-0.13812343	0.87207704	0.46947156	-0.07344153	0.46369159	-0.88294759	-0.98768834	-0.15643447	-0.00000000	-0.49574557	0.70312366	0.50975823	-0.29374076	0.41661711	-0.86031770	-0.81728373	-0.57623546	-0.00000000	77.00000000	W	77.00000000	NAN	PITCH	NORMAL	NAN	XXA		ANG002	0.00000000	0.00000000		STRIAE	351.00000000	62.00000000	NAN	NAN	351.00000000	62.00000000	324.81380199	59.35227333	30.00000000		STRIAE	0.00 0.00 0.00	   	NAN	NAN	NAN	NAN	NAN	NAN	NAN	NAN	NAN	NAN	NAN	NAN	0.13399615	0.11045790	-0.98480662	0.75990100	0.62641404	0.17365459	50.50000000	79.99962691	NAN	NAN	NORMAL	NAN	NAN	NAN	NAN	NAN	NAN	-0.15969023	0.29157300	-0.58860025	-0.01856766	0.11723156	0.06311012	NAN	NAN	NAN	0.67599263	3.45349289	4.41542461
ANG_015	14	-0.46789094	0.74878203	0.46947156	-0.24878203	0.39813447	-0.88294759	-0.84804810	-0.52991926	-0.00000000	-0.61677724	0.62503141	0.47845750	-0.33606434	0.34056180	-0.87811071	-0.71179112	-0.70239120	-0.00000000	84.00000000	W	84.00000000	NAN	PITCH	NORMAL	NAN	XXA		ANG002	0.00000000	0.00000000		STRIAE	328.00000000	62.00000000	NAN	NAN	328.00000000	62.00000000	315.38083325	61.41529303	30.00000000		STRIAE	0.00 0.00 0.00	   	NAN	NAN	NAN	NAN	NAN	NAN	NAN	NAN	NAN	NAN	NAN	NAN	0.13399615	0.11045790	-0.98480662	0.75990100	0.62641404	0.17365459	50.50000000	79.99962691	NAN	NAN	NORMAL	NAN	NAN	NAN	NAN	NAN	NAN	-0.23723581	0.21997528	-0.58728589	-0.09672749	0.15479634	0.09705426	NAN	NAN	NAN	0.67050329	1.25012157	4.44621112
ANG_016	15	-0.70758221	0.51408857	0.48480962	-0.39221922	0.28496394	-0.87461971	-0.58778525	-0.80901699	-0.00000000	-0.83839234	0.10399685	0.53505415	-0.53098469	0.06586503	-0.84481776	-0.12309974	-0.99239430	-0.00000000	75.00000000	S	75.00000000	NAN	PITCH	NORMAL	NAN	XXA		ANG002	0.00000000	0.00000000		STRIAE	306.00000000	61.00000000	NAN	NAN	306.00000000	61.00000000	277.07103146	57.65241598	30.00000000		STRIAE	0.00 0.00 0.00	   	NAN	NAN	NAN	NAN	NAN	NAN	NAN	NAN	NAN	NAN	NAN	NAN	0.13399615	0.11045790	-0.98480662	0.75990100	0.62641404	0.17365459	50.50000000	79.99962691	NAN	NAN	NORMAL	NAN	NAN	NAN	NAN	NAN	NAN	-0.27803497	0.16173796	-0.57729926	-0.15832024	0.11502638	0.10847527	NAN	NAN	NAN	0.66086084	12.17454971	7.83301910
ANG_017	16	0.70062927	-0.50903696	0.50000000	0.40450850	-0.29389263	-0.86602540	0.58778525	0.80901699	0.00000000	0.38796329	-0.74537898	0.54212051	0.25029474	-0.48088168	-0.84030075	0.88703834	0.46169576	-0.00000000	76.00000000	S	104.00000000	NAN	PITCH	NORMAL	NAN	XXA		ANG002	0.00000000	0.00000000		STRIAE	126.00000000	60.00000000	NAN	NAN	126.00000000	60.00000000	152.50341389	57.17189152	30.00000000		STRIAE	0.00 0.00 0.00	   	NAN	NAN	NAN	NAN	NAN	NAN	NAN	NAN	NAN	NAN	NAN	NAN	0.13399615	0.11045790	-0.98480662	0.75990100	0.62641404	0.17365459	50.50000000	79.99962691	NAN	NAN	NORMAL	NAN	NAN	NAN	NAN	NAN	NAN	0.23709859	-0.26322700	-0.60022096	0.11826411	-0.08592391	0.08439850	NAN	NAN	NAN	0.69697159	7.93893661	4.63601957
ANG_018	17	0.69244212	-0.56072857	0.45399050	0.35281688	-0.28570548	-0.89100652	0.62932039	0.77714596	-0.00000000	0.57164231	-0.67903401	0.46058428	0.29662542	-0.35235102	-0.88761598	0.76500877	0.64401986	-0.00000000	85.00000000	S	95.00000000	NAN	PITCH	NORMAL	NAN	XXA		ANG002	0.00000000	0.00000000		STRIAE	129.00000000	63.00000000	NAN	NAN	129.00000000	63.00000000	139.90777264	62.57518346	30.00000000		STRIAE	0.00 0.00 0.00	   	NAN	NAN	NAN	NAN	NAN	NAN	NAN	NAN	NAN	NAN	NAN	NAN	0.13399615	0.11045790	-0.98480662	0.75990100	0.62641404	0.17365459	50.50000000	79.99962691	NAN	NAN	NORMAL	NAN	NAN	NAN	NAN	NAN	NAN	0.18926472	-0.23309475	-0.57657099	0.16985003	-0.13754184	0.11135992	NAN	NAN	NAN	0.65006800	0.47646838	5.38974191
ANG_019	18	0.32528049	-0.89370079	0.30901699	0.10569004	-0.29038099	-0.95105652	0.93969262	0.34202014	-0.00000000	0.83115550	-0.16511560	0.53095892	0.52078203	-0.10345746	-0.84739756	0.19485022	0.98083301	-0.00000000	63.00000000	E	63.00000000	NAN	PITCH	NORMAL	NAN	XXA		ANG002	0.00000000	0.00000000		STRIAE	160.00000000	72.00000000	NAN	NAN	160.00000000	72.00000000	101.23597377	57.92973195	30.00000000		STRIAE	0.00 0.00 0.00	   	NAN	NAN	NAN	NAN	NAN	NAN	NAN	NAN	NAN	NAN	NAN	NAN	0.13399615	0.11045790	-0.98480662	0.75990100	0.62641404	0.17365459	50.50000000	79.99962691	NAN	NAN	NORMAL	NAN	NAN	NAN	NAN	NAN	NAN	0.07363282	-0.11103645	-0.39863400	0.13963074	-0.38363230	0.13264943	NAN	NAN	NAN	0.42030935	22.74083766	29.47433825
ANG_020	19	0.50259761	-0.62065636	0.60181502	0.37873447	-0.46769811	-0.79863551	0.77714596	0.62932039	-0.00000000	0.52030106	-0.60573197	0.60197641	0.39223985	-0.45664373	-0.79851387	0.75857413	0.65158675	-0.00000000	89.00000000	E	89.00000000	NAN	PITCH	NORMAL	NAN	XXA		ANG002	0.00000000	0.00000000		STRIAE	141.00000000	53.00000000	NAN	NAN	141.00000000	53.00000000	139.33865686	52.98842120	30.00000000		STRIAE	0.00 0.00 0.00	   	NAN	NAN	NAN	NAN	NAN	NAN	NAN	NAN	NAN	NAN	NAN	NAN	0.13399615	0.11045790	-0.98480662	0.75990100	0.62641404	0.17365459	50.50000000	79.99962691	NAN	NAN	NORMAL	NAN	NAN	NAN	NAN	NAN	NAN	0.24806897	-0.38504410	-0.60427030	0.00892483	-0.01102125	0.01068667	NAN	NAN	NAN	0.75824782	4.74534443	1.86112107
ANG_021	20	-0.71791667	0.13954886	0.68199836	-0.66946813	0.13013142	-0.73135370	-0.19080900	-0.98162718	0.00000000	-0.64018875	0.32490416	0.69612905	-0.62076004	0.31504384	-0.71791667	-0.45256528	-0.89173127	-0.00000000	79.00000000	N	101.00000000	NAN	PITCH	NORMAL	NAN	XXA		ANG002	0.00000000	0.00000000		STRIAE	281.00000000	47.00000000	NAN	NAN	281.00000000	47.00000000	296.90838925	45.88274399	30.00000000		STRIAE	0.00 0.00 0.00	   	NAN	NAN	NAN	NAN	NAN	NAN	NAN	NAN	NAN	NAN	NAN	NAN	0.13399615	0.11045790	-0.98480662	0.75990100	0.62641404	0.17365459	50.50000000	79.99962691	NAN	NAN	NORMAL	NAN	NAN	NAN	NAN	NAN	NAN	-0.51045213	0.09278666	-0.55632153	0.08440084	-0.01640586	-0.08017816	NAN	NAN	NAN	0.76069993	11.47579683	4.32241740
ANG_022	21	-0.36418692	0.60610881	0.70710678	-0.36418692	0.60610881	-0.70710678	-0.85716730	-0.51503808	0.00000000	-0.57457998	0.30581438	0.75916758	-0.67015777	0.35668469	-0.65089522	-0.46983658	-0.88275342	-0.00000000	67.00000000	W	67.00000000	NAN	PITCH	NORMAL	NAN	XXA		ANG002	0.00000000	0.00000000		STRIAE	329.00000000	45.00000000	NAN	NAN	329.00000000	45.00000000	298.02368882	40.60913198	30.00000000		STRIAE	0.00 0.00 0.00	   	NAN	NAN	NAN	NAN	NAN	NAN	NAN	NAN	NAN	NAN	NAN	NAN	0.13399615	0.11045790	-0.98480662	0.75990100	0.62641404	0.17365459	50.50000000	79.99962691	NAN	NAN	NORMAL	NAN	NAN	NAN	NAN	NAN	NAN	-0.37587948	0.42233556	-0.55560447	0.08726993	-0.14524155	-0.16944364	NAN	NAN	NAN	0.79268470	15.41202560	6.32214151
ANG_023	22	-0.39098036	-0.87815626	0.27563736	-0.11211181	-0.25180725	-0.96126170	0.91354546	-0.40673664	0.00000000	-0.87011171	-0.11859185	0.47837390	-0.47399165	-0.06460268	-0.87815626	0.13504641	-0.99083927	-0.00000000	66.00000000	W	114.00000000	NAN	PITCH	NORMAL	NAN	XXA		ANG002	0.00000000	0.00000000		STRIAE	204.00000000	74.00000000	NAN	NAN	204.00000000	74.00000000	262.23869661	61.42074726	30.00000000		STRIAE	0.00 0.00 0.00	   	NAN	NAN	NAN	NAN	NAN	NAN	NAN	NAN	NAN	NAN	NAN	NAN	0.13399615	0.11045790	-0.98480662	0.75990100	0.62641404	0.17365459	50.50000000	79.99962691	NAN	NAN	NORMAL	NAN	NAN	NAN	NAN	NAN	NAN	0.00339663	-0.09029833	-0.28286453	-0.14911886	-0.33492644	0.10512735	NAN	NAN	NAN	0.29694725	31.70852567	46.25986103
ANG_024	23	-0.59619974	0.30377894	0.74314483	-0.66214689	0.33738069	-0.66913061	-0.45399050	-0.89100652	-0.00000000	-0.58881243	0.31764653	0.74323657	-0.65412281	0.35287951	-0.66902869	-0.47478761	-0.88010041	-0.00000000	89.00000000	N	91.00000000	NAN	PITCH	NORMAL	NAN	XXA		ANG002	0.00000000	0.00000000		STRIAE	297.00000000	42.00000000	NAN	NAN	297.00000000	42.00000000	298.34552197	41.99214318	30.00000000		STRIAE	0.00 0.00 0.00	   	NAN	NAN	NAN	NAN	NAN	NAN	NAN	NAN	NAN	NAN	NAN	NAN	0.13399615	0.11045790	-0.98480662	0.75990100	0.62641404	0.17365459	50.50000000	79.99962691	NAN	NAN	NORMAL	NAN	NAN	NAN	NAN	NAN	NAN	-0.53992484	0.22312399	-0.52437076	0.15675248	-0.07986938	-0.19538720	NAN	NAN	NAN	0.78502728	4.38235765	1.21659630
ANG_025	24	-0.67070549	0.48729606	0.55919290	-0.45239656	0.32868534	-0.82903757	-0.58778525	-0.80901699	0.00000000	-0.62145600	0.54700382	0.56087366	-0.42101427	0.37057557	-0.82790141	-0.66071130	-0.75064011	-0.00000000	87.00000000	N	93.00000000	NAN	PITCH	NORMAL	NAN	XXA		ANG002	0.00000000	0.00000000		STRIAE	306.00000000	56.00000000	NAN	NAN	306.00000000	56.00000000	311.35414351	55.88376126	30.00000000		STRIAE	0.00 0.00 0.00	   	NAN	NAN	NAN	NAN	NAN	NAN	NAN	NAN	NAN	NAN	NAN	NAN	0.13399615	0.11045790	-0.98480662	0.75990100	0.62641404	0.17365459	50.50000000	79.99962691	NAN	NAN	NORMAL	NAN	NAN	NAN	NAN	NAN	NAN	-0.35264100	0.20473777	-0.60137774	-0.06877214	0.04996588	0.05733797	NAN	NAN	NAN	0.72658682	6.28543345	3.11862641
ANG_026	25	0.75722776	-0.61319095	0.22495105	0.17481980	-0.14156629	-0.97437006	0.62932039	0.77714596	-0.00000000	-0.30350543	-0.68191898	0.66548550	-0.27059961	-0.60798586	-0.74641077	0.91359745	-0.40661984	-0.00000000	50.00000000	S	130.00000000	NAN	PITCH	NORMAL	NAN	XXA		ANG002	0.00000000	0.00000000		STRIAE	129.00000000	77.00000000	NAN	NAN	129.00000000	77.00000000	203.99267468	48.28041723	30.00000000		STRIAE	0.00 0.00 0.00	   	NAN	NAN	NAN	NAN	NAN	NAN	NAN	NAN	NAN	NAN	NAN	NAN	0.13399615	0.11045790	-0.98480662	0.75990100	0.62641404	0.17365459	50.50000000	79.99962691	NAN	NAN	NORMAL	NAN	NAN	NAN	NAN	NAN	NAN	0.03847230	-0.08043852	-0.34877127	0.37549217	-0.30406756	0.11154815	NAN	NAN	NAN	0.35998871	33.89244360	41.80221472
ANG_027	26	0.45046245	-0.74969541	0.48480962	0.24969541	-0.41556295	-0.87461971	0.85716730	0.51503807	0.00000000	-0.22115847	-0.73989779	0.63532683	-0.18194771	-0.60871604	-0.77224337	0.95811480	-0.28638442	-0.00000000	62.00000000	W	118.00000000	NAN	PITCH	NORMAL	NAN	XXA		ANG002	0.00000000	0.00000000		STRIAE	149.00000000	61.00000000	NAN	NAN	149.00000000	61.00000000	196.64161991	50.55577071	30.00000000		STRIAE	0.00 0.00 0.00	   	NAN	NAN	NAN	NAN	NAN	NAN	NAN	NAN	NAN	NAN	NAN	NAN	0.13399615	0.11045790	-0.98480662	0.75990100	0.62641404	0.17365459	50.50000000	79.99962691	NAN	NAN	NORMAL	NAN	NAN	NAN	NAN	NAN	NAN	0.14983592	-0.27924614	-0.57103861	0.10074720	-0.16767150	0.10842905	NAN	NAN	NAN	0.65308062	26.64986662	19.11215382
ANG_028	27	-0.29004953	0.79690454	0.52991926	-0.18124306	0.49796122	-0.84804810	-0.93969262	-0.34202014	0.00000000	0.11934429	0.80641286	0.57918497	0.08479238	0.57294458	-0.81519615	-0.98922555	0.14639947	0.00000000	74.00000000	E	106.00000000	NAN	PITCH	NORMAL	NAN	XXA		ANG002	0.00000000	0.00000000		STRIAE	340.00000000	58.00000000	NAN	NAN	340.00000000	58.00000000	8.41832800	54.60676149	30.00000000		STRIAE	0.00 0.00 0.00	   	NAN	NAN	NAN	NAN	NAN	NAN	NAN	NAN	NAN	NAN	NAN	NAN	0.13399615	0.11045790	-0.98480662	0.75990100	0.62641404	0.17365459	50.50000000	79.99962691	NAN	NAN	NORMAL	NAN	NAN	NAN	NAN	NAN	NAN	-0.23156447	0.31990417	-0.60782514	-0.02164169	0.05946005	0.03953927	NAN	NAN	NAN	0.72485321	24.58357808	15.44207866
ANG_029	28	0.41790046	-0.82017583	0.39073113	0.17738822	-0.34814398	-0.92050485	0.89100652	0.45399050	-0.00000000	0.07820613	-0.90580206	0.41642098	0.03582015	-0.41487752	-0.90917191	0.99629349	0.08601908	-0.00000000	81.00000000	W	99.00000000	NAN	PITCH	NORMAL	NAN	XXA		ANG002	0.00000000	0.00000000		STRIAE	153.00000000	67.00000000	NAN	NAN	153.00000000	67.00000000	175.06537176	65.39116547	30.00000000		STRIAE	0.00 0.00 0.00	   	NAN	NAN	NAN	NAN	NAN	NAN	NAN	NAN	NAN	NAN	NAN	NAN	0.13399615	0.11045790	-0.98480662	0.75990100	0.62641404	0.17365459	50.50000000	79.99962691	NAN	NAN	NORMAL	NAN	NAN	NAN	NAN	NAN	NAN	0.10126809	-0.18526773	-0.49720149	0.14611943	-0.28677552	0.13661964	NAN	NAN	NAN	0.54017467	9.64923499	13.78889884
ANG_030	29	0.73443119	-0.42402405	0.52991926	0.45892354	-0.26495963	-0.84804810	0.50000000	0.86602540	-0.00000000	0.12858639	-0.70759694	0.69481804	0.12422961	-0.68362206	-0.71918557	0.98388645	0.17879445	-0.00000000	58.00000000	S	122.00000000	NAN	PITCH	NORMAL	NAN	XXA		ANG002	0.00000000	0.00000000		STRIAE	120.00000000	58.00000000	NAN	NAN	120.00000000	58.00000000	169.70045246	45.98728075	30.00000000		STRIAE	0.00 0.00 0.00	   	NAN	NAN	NAN	NAN	NAN	NAN	NAN	NAN	NAN	NAN	NAN	NAN	0.13399615	0.11045790	-0.98480662	0.75990100	0.62641404	0.17365459	50.50000000	79.99962691	NAN	NAN	NORMAL	NAN	NAN	NAN	NAN	NAN	NAN	0.28600662	-0.26753499	-0.61045800	0.07699661	-0.04445401	0.05555590	NAN	NAN	NAN	0.72528182	24.97618781	15.85250344
ANG_031	30	0.79172110	-0.49472225	0.35836795	0.30391326	-0.18990608	-0.93358043	0.52991926	0.84804810	0.00000000	0.88309053	-0.29172411	0.36748899	0.34894228	-0.11527117	-0.93002787	0.31367244	0.94953125	-0.00000000	85.00000000	N	85.00000000	NAN	PITCH	NORMAL	NAN	XXA		ANG002	0.00000000	0.00000000		STRIAE	122.00000000	69.00000000	NAN	NAN	122.00000000	69.00000000	108.28068876	68.43916000	30.00000000		STRIAE	0.00 0.00 0.00	   	NAN	NAN	NAN	NAN	NAN	NAN	NAN	NAN	NAN	NAN	NAN	NAN	0.13399615	0.11045790	-0.98480662	0.75990100	0.62641404	0.17365459	50.50000000	79.99962691	NAN	NAN	NORMAL	NAN	NAN	NAN	NAN	NAN	NAN	0.12924616	-0.16259221	-0.50999229	0.28184290	-0.17611499	0.12757455	NAN	NAN	NAN	0.55066590	12.23977537	13.98712583
ANG_032	31	0.65164092	-0.60766499	0.45399050	0.33202763	-0.30962078	-0.89100652	0.68199836	0.73135370	0.00000000	0.49506605	-0.73493401	0.46344536	0.25892051	-0.38437192	-0.88612550	0.82937915	0.55868616	-0.00000000	84.00000000	S	96.00000000	NAN	PITCH	NORMAL	NAN	XXA		ANG002	0.00000000	0.00000000		STRIAE	133.00000000	63.00000000	NAN	NAN	133.00000000	63.00000000	146.03501436	62.39034516	30.00000000		STRIAE	0.00 0.00 0.00	   	NAN	NAN	NAN	NAN	NAN	NAN	NAN	NAN	NAN	NAN	NAN	NAN	0.13399615	0.11045790	-0.98480662	0.75990100	0.62641404	0.17365459	50.50000000	79.99962691	NAN	NAN	NORMAL	NAN	NAN	NAN	NAN	NAN	NAN	0.17799549	-0.23721957	-0.57300576	0.16447107	-0.15337176	0.11458505	NAN	NAN	NAN	0.64520626	1.36846761	5.66725081
ANG_033	32	0.84031395	-0.39184483	0.37460659	0.33950887	-0.15831559	-0.92718385	0.42261826	0.90630779	0.00000000	0.88528509	-0.27126652	0.37773639	0.36116172	-0.11066614	-0.92591318	0.29297187	0.95612106	-0.00000000	87.00000000	N	87.00000000	NAN	PITCH	NORMAL	NAN	XXA		ANG002	0.00000000	0.00000000		STRIAE	115.00000000	68.00000000	NAN	NAN	115.00000000	68.00000000	107.03596157	67.80646023	30.00000000		STRIAE	0.00 0.00 0.00	   	NAN	NAN	NAN	NAN	NAN	NAN	NAN	NAN	NAN	NAN	NAN	NAN	0.13399615	0.11045790	-0.98480662	0.75990100	0.62641404	0.17365459	50.50000000	79.99962691	NAN	NAN	NORMAL	NAN	NAN	NAN	NAN	NAN	NAN	0.15786707	-0.16791789	-0.52977085	0.26789825	-0.12492300	0.11942733	NAN	NAN	NAN	0.57773314	11.50735940	11.91958901
ANG_034	33	0.24194429	-0.70265724	0.66913061	0.21784762	-0.63267542	-0.74314483	0.94551858	0.32556815	-0.00000000	0.32973969	-0.66282796	0.67225801	0.29942601	-0.60189276	-0.74031694	0.89532999	0.44540341	-0.00000000	85.00000000	E	85.00000000	NAN	PITCH	NORMAL	NAN	XXA		ANG002	0.00000000	0.00000000		STRIAE	161.00000000	48.00000000	NAN	NAN	161.00000000	48.00000000	153.55084799	47.75842058	30.00000000		STRIAE	0.00 0.00 0.00	   	NAN	NAN	NAN	NAN	NAN	NAN	NAN	NAN	NAN	NAN	NAN	NAN	0.13399615	0.11045790	-0.98480662	0.75990100	0.62641404	0.17365459	50.50000000	79.99962691	NAN	NAN	NORMAL	NAN	NAN	NAN	NAN	NAN	NAN	0.15111777	-0.48939334	-0.56855545	-0.02374090	0.06894857	-0.06565876	NAN	NAN	NAN	0.76524357	6.23146642	2.07711499
ANG_035	34	-0.31930331	0.87727864	0.35836795	-0.12256906	0.33675572	-0.93358043	-0.93969262	-0.34202014	0.00000000	-0.40263512	0.84166253	0.35984600	-0.15528919	0.32461424	-0.93301171	-0.90209214	-0.43154347	-0.00000000	88.00000000	W	88.00000000	NAN	PITCH	NORMAL	NAN	XXA		ANG002	0.00000000	0.00000000		STRIAE	340.00000000	69.00000000	NAN	NAN	340.00000000	69.00000000	334.43444713	68.90926161	30.00000000		STRIAE	0.00 0.00 0.00	   	NAN	NAN	NAN	NAN	NAN	NAN	NAN	NAN	NAN	NAN	NAN	NAN	0.13399615	0.11045790	-0.98480662	0.75990100	0.62641404	0.17365459	50.50000000	79.99962691	NAN	NAN	NORMAL	NAN	NAN	NAN	NAN	NAN	NAN	-0.15853630	0.15298345	-0.51575560	-0.10259791	0.28188543	0.11515008	NAN	NAN	NAN	0.56084002	7.92356723	11.82554866
ANG_036	35	-0.88667033	0.27108232	0.37460659	-0.35823807	0.10952437	-0.92718385	-0.29237170	-0.95630476	-0.00000000	-0.67635939	0.61342127	0.40774050	-0.30202581	0.27392103	-0.91309785	-0.67180234	-0.74073046	-0.00000000	80.00000000	N	100.00000000	NAN	PITCH	NORMAL	NAN	XXA		ANG002	0.00000000	0.00000000		STRIAE	287.00000000	68.00000000	NAN	NAN	287.00000000	68.00000000	312.20632312	65.93702435	30.00000000		STRIAE	0.00 0.00 0.00	   	NAN	NAN	NAN	NAN	NAN	NAN	NAN	NAN	NAN	NAN	NAN	NAN	0.13399615	0.11045790	-0.98480662	0.75990100	0.62641404	0.17365459	50.50000000	79.99962691	NAN	NAN	NORMAL	NAN	NAN	NAN	NAN	NAN	NAN	-0.17161971	0.07953374	-0.46376732	-0.32612878	0.09970757	0.13778513	NAN	NAN	NAN	0.50085833	7.03793409	16.15235333
ANG_037	36	0.09822463	0.93454489	0.34202014	0.03575084	0.34014652	-0.93969262	-0.99452190	0.10452846	-0.00000000	-0.54443718	0.70872368	0.44866346	-0.27332310	0.35579964	-0.89370079	-0.79302121	-0.60919403	-0.00000000	72.00000000	W	72.00000000	NAN	PITCH	NORMAL	NAN	XXA		ANG002	0.00000000	0.00000000		STRIAE	6.00000000	70.00000000	NAN	NAN	6.00000000	70.00000000	322.46875140	63.34203499	30.00000000		STRIAE	0.00 0.00 0.00	   	NAN	NAN	NAN	NAN	NAN	NAN	NAN	NAN	NAN	NAN	NAN	NAN	0.13399615	0.11045790	-0.98480662	0.75990100	0.62641404	0.17365459	50.50000000	79.99962691	NAN	NAN	NORMAL	NAN	NAN	NAN	NAN	NAN	NAN	-0.07934764	0.19413755	-0.50767877	0.02479994	0.23595566	0.08635389	NAN	NAN	NAN	0.54929334	7.59492023	12.54762463
ANG_038	37	-0.01650157	0.94537457	0.32556815	-0.00568195	0.32551857	-0.94551858	-0.99984770	-0.01745241	0.00000000	0.03412967	0.94475830	0.32598608	0.01176867	0.32577358	-0.94537457	-0.99934812	0.03610174	0.00000000	89.00000000	E	91.00000000	NAN	PITCH	NORMAL	NAN	XXA		ANG002	0.00000000	0.00000000		STRIAE	359.00000000	71.00000000	NAN	NAN	359.00000000	71.00000000	2.06892712	70.97467288	30.00000000		STRIAE	0.00 0.00 0.00	   	NAN	NAN	NAN	NAN	NAN	NAN	NAN	NAN	NAN	NAN	NAN	NAN	0.13399615	0.11045790	-0.98480662	0.75990100	0.62641404	0.17365459	50.50000000	79.99962691	NAN	NAN	NORMAL	NAN	NAN	NAN	NAN	NAN	NAN	-0.10700738	0.16777756	-0.49261093	-0.00486009	0.27843428	0.09588721	NAN	NAN	NAN	0.53128657	12.29553599	15.37574211
ANG_039	38	0.75440651	0.63302222	0.17364818	0.13302222	0.11161890	-0.98480775	-0.64278761	0.76604444	-0.00000000	NAN	NAN	NAN	NAN	NAN	NAN	NAN	NAN	NAN	NAN	NONE	NAN	NAN	NONE	NONE	NAN	XXX		ANG002	0.00000000	0.00000000		BEDDING	50.00000000	80.00000000	NAN	NAN	50.00000000	80.00000000	NAN	NAN	0.00000000		PLANE	0.00 0.00 0.00	   	NAN	NAN	NAN	NAN	NAN	NAN	NAN	NAN	NAN	0.13399615	0.11045790	-0.98480662	0.13399615	0.11045790	-0.98480662	0.75990100	0.62641404	0.17365459	50.50000000	79.99962691	50.50000000	79.99962691	NORMAL	NAN	NAN	NAN	NAN	NAN	NAN	NAN	NAN	NAN	NAN	NAN	NAN	NAN	NAN	NAN	NAN	NAN	NAN
ANG_040	39	0.76533937	0.61975960	0.17364818	0.13494998	0.10928034	-0.98480775	-0.62932039	0.77714596	0.00000000	NAN	NAN	NAN	NAN	NAN	NAN	NAN	NAN	NAN	NAN	NONE	NAN	NAN	NONE	NONE	NAN	XXX		ANG002	0.00000000	0.00000000		BEDDING	51.00000000	80.00000000	NAN	NAN	51.00000000	80.00000000	NAN	NAN	0.00000000		PLANE	0.00 0.00 0.00	   	NAN	NAN	NAN	NAN	NAN	NAN	NAN	NAN	NAN	0.13399615	0.11045790	-0.98480662	0.13399615	0.11045790	-0.98480662	0.75990100	0.62641404	0.17365459	50.50000000	79.99962691	50.50000000	79.99962691	NORMAL	NAN	NAN	NAN	NAN	NAN	NAN	NAN	NAN	NAN	NAN	NAN	NAN	NAN	NAN	NAN	NAN	NAN	NAN
