NAME_ID s	iID i	N.X d	N.Y d	N.Z d	D.X d	D.Y d	D.Z d	S.X d	S.Y d	S.Z d	NC.X d	NC.Y d	NC.Z d	DC.X d	DC.Y d	DC.Z d	SC.X d	SC.Y d	SC.Z d	LPITCH  d	LPITCHSENSE s	PITCHANGLE  d	MISFIT d	LINEATION s	OFFSET s	DEPTH d	GC s	COLOR s	LOC s	LOCX d	LOCY d	FORMATION s	DATATYPE s	DIPDIR d	DIP d	LDIR d	LDIP d	corr.DIPDIR d	corr.DIP d	corrL.DIPDIR d	corrL.DIP d	PALEON d	COMMENT s	DATAGROUP s	PSCOLOR s	DASHED s	ptnP.X d	ptnP.Y d	ptnP.Z d	ptnT.X d	ptnT.Y d	ptnT.Z d	ptnN.X d	ptnN.Y d	ptnN.Z d	avD.X d	avD.Y d	avD.Z d	avS0D.X d	avS0D.Y d	avS0D.Z d	avS0N.X d	avS0N.Y d	avS0N.Z d	avS0d.DIPDIR d	avS0d.DIP d	avd.DIPDIR d	avd.DIP d	avS0offset s	TRAJECTORY.X d	TRAJECTORY.Y d	TRAJECTORY.Z d	fold_great_circle_N.X d	fold_great_circle_N.Y d	fold_great_circle_N.Z d	SHEAR_S.X d	SHEAR_S.Y d	SHEAR_S.Z d	NORMAL_S.X d	NORMAL_S.Y d	NORMAL_S.Z d	UPSILON.X d	UPSILON.Y d	UPSILON.Z d	lambda d	ANG d	RUP d
ANG_001	0	0.42402405	-0.76495963	0.48480962	0.23504037	-0.42402405	-0.87461971	0.87461971	0.48480962	0.00000000	0.64992262	-0.56523789	0.50804205	0.38334569	-0.33339586	-0.86133227	0.65623675	0.75455505	-0.00000000	80.00000000	E	80.00000000	NAN	PITCH	NORMAL	NAN	XXA		ANG002	0.00000000	0.00000000		STRIAE	151.00000000	61.00000000	NAN	NAN	151.00000000	61.00000000	131.01349355	59.46650063	30.00000000		STRIAE	0.00 0.00 0.00	   	NAN	NAN	NAN	NAN	NAN	NAN	NAN	NAN	NAN	NAN	NAN	NAN	0.13399615	0.11045790	-0.98480662	0.75990100	0.62641404	0.17365459	50.50000000	79.99962691	NAN	NAN	NORMAL	NAN	NAN	NAN	NAN	NAN	NAN	0.11329969	-0.20036489	-0.41524104	0.11110497	-0.20043867	0.12703232	0.21868742	-0.08836439	-0.33069459	0.86602540	9.76403057	19.05156188
ANG_002	1	0.67545705	-0.52772488	0.51503807	0.40585554	-0.31708910	-0.85716730	0.61566148	0.78801075	-0.00000000	0.46100149	-0.70714808	0.53611493	0.29278119	-0.44910844	-0.84414500	0.83770926	0.54611647	-0.00000000	80.00000000	S	100.00000000	NAN	PITCH	NORMAL	NAN	XXA		ANG002	0.00000000	0.00000000		STRIAE	128.00000000	59.00000000	NAN	NAN	128.00000000	59.00000000	146.89900763	57.58044546	30.00000000		STRIAE	0.00 0.00 0.00	   	NAN	NAN	NAN	NAN	NAN	NAN	NAN	NAN	NAN	NAN	NAN	NAN	0.13399615	0.11045790	-0.98480662	0.75990100	0.62641404	0.17365459	50.50000000	79.99962691	NAN	NAN	NORMAL	NAN	NAN	NAN	NAN	NAN	NAN	0.17287952	-0.22500122	-0.45726994	0.13721847	-0.10720682	0.10462950	0.08067643	-0.16393809	-0.27378107	0.86602540	2.43287211	12.51007892
ANG_003	2	-0.13705875	0.97522367	0.17364818	-0.02416716	0.17195825	-0.98480775	-0.99026807	-0.13917310	0.00000000	-0.82796152	0.10944949	0.55000048	-0.54525704	0.07207836	-0.83516434	-0.13105144	-0.99137557	-0.00000000	58.00000000	W	58.00000000	NAN	PITCH	NORMAL	NAN	XXA		ANG002	0.00000000	0.00000000		STRIAE	352.00000000	80.00000000	NAN	NAN	352.00000000	80.00000000	277.53035531	56.63295428	30.00000000		STRIAE	0.00 0.00 0.00	   	NAN	NAN	NAN	NAN	NAN	NAN	NAN	NAN	NAN	NAN	NAN	NAN	0.13399615	0.11045790	-0.98480662	0.75990100	0.62641404	0.17365459	50.50000000	79.99962691	NAN	NAN	NORMAL	NAN	NAN	NAN	NAN	NAN	NAN	-0.09105854	0.04692101	-0.33538418	-0.04465757	0.31775515	0.05657943	-0.38114790	0.01550067	-0.38788935	0.86602540	18.20108717	34.17591938
ANG_004	3	-0.54498500	0.75010750	0.37460659	-0.22018823	0.30306310	-0.92718385	-0.80901699	-0.58778525	-0.00000000	-0.82573076	0.37506989	0.42129714	-0.38358068	0.17423302	-0.90692266	-0.41356326	-0.91047539	-0.00000000	78.00000000	W	78.00000000	NAN	PITCH	NORMAL	NAN	XXA		ANG002	0.00000000	0.00000000		STRIAE	324.00000000	68.00000000	NAN	NAN	324.00000000	68.00000000	294.42887040	65.08349126	30.00000000		STRIAE	0.00 0.00 0.00	   	NAN	NAN	NAN	NAN	NAN	NAN	NAN	NAN	NAN	NAN	NAN	NAN	0.13399615	0.11045790	-0.98480662	0.75990100	0.62641404	0.17365459	50.50000000	79.99962691	NAN	NAN	NORMAL	NAN	NAN	NAN	NAN	NAN	NAN	-0.17294774	0.11455345	-0.48098814	-0.11957903	0.16458641	0.08219509	-0.15924287	0.03633677	-0.30442993	0.86602540	4.03492925	13.78207084
ANG_005	4	-0.66214689	0.59619974	0.45399050	-0.33738069	0.30377894	-0.89100652	-0.66913061	-0.74314483	-0.00000000	-0.83384788	0.25352028	0.49033171	-0.46912819	0.14263214	-0.87153589	-0.29088908	-0.95675678	-0.00000000	78.00000000	W	78.00000000	NAN	PITCH	NORMAL	NAN	XXA		ANG002	0.00000000	0.00000000		STRIAE	312.00000000	63.00000000	NAN	NAN	312.00000000	63.00000000	286.91119174	60.63761377	30.00000000		STRIAE	0.00 0.00 0.00	   	NAN	NAN	NAN	NAN	NAN	NAN	NAN	NAN	NAN	NAN	NAN	NAN	0.13399615	0.11045790	-0.98480662	0.75990100	0.62641404	0.17365459	50.50000000	79.99962691	NAN	NAN	NORMAL	NAN	NAN	NAN	NAN	NAN	NAN	-0.23201535	0.12739388	-0.50569437	-0.09917428	0.08929692	0.06799727	-0.17426158	-0.00387082	-0.24907785	0.86602540	5.90774140	10.67195677
ANG_006	5	-0.37437839	-0.92661904	0.03489950	-0.01307358	-0.03235825	-0.99939083	0.92718385	-0.37460659	-0.00000000	-0.81153876	0.27430955	0.51590610	-0.48874123	0.16520022	-0.85664514	-0.32021374	-0.94734532	-0.00000000	59.00000000	W	121.00000000	NAN	PITCH	NORMAL	NAN	XXB		ANG002	0.00000000	0.00000000		STRIAE	202.00000000	88.00000000	NAN	NAN	202.00000000	88.00000000	288.67585167	58.94196051	30.00000000		STRIAE	0.00 0.00 0.00	   	NAN	NAN	NAN	NAN	NAN	NAN	NAN	NAN	NAN	NAN	NAN	NAN	0.13399615	0.11045790	-0.98480662	0.75990100	0.62641404	0.17365459	50.50000000	79.99962691	NAN	NAN	NORMAL	NAN	NAN	NAN	NAN	NAN	NAN	0.04499486	-0.01430078	0.10297374	-0.13032622	-0.32256871	0.01214899	-0.46825719	0.15736837	-0.84485019	0.86602540	173.55487824	110.59738357
ANG_007	6	-0.23663532	0.94909244	0.20791169	-0.05029839	0.20173583	-0.97814760	-0.97029573	-0.24192190	0.00000000	-0.87295257	0.15440531	0.46272325	-0.45565052	0.08059414	-0.88650279	-0.17417352	-0.98471498	-0.00000000	65.00000000	W	65.00000000	NAN	PITCH	NORMAL	NAN	XXA		ANG002	0.00000000	0.00000000		STRIAE	346.00000000	78.00000000	NAN	NAN	346.00000000	78.00000000	280.03056574	62.43702594	30.00000000		STRIAE	0.00 0.00 0.00	   	NAN	NAN	NAN	NAN	NAN	NAN	NAN	NAN	NAN	NAN	NAN	NAN	0.13399615	0.11045790	-0.98480662	0.75990100	0.62641404	0.17365459	50.50000000	79.99962691	NAN	NAN	NORMAL	NAN	NAN	NAN	NAN	NAN	NAN	-0.10059597	0.05521241	-0.36653176	-0.07528507	0.30195194	0.06614671	-0.29400895	0.01458416	-0.40120218	0.86602540	12.32854089	28.59236564
ANG_008	7	-0.57948410	0.64358230	0.50000000	-0.33456530	0.37157241	-0.86602540	-0.74314483	-0.66913061	0.00000000	-0.74898497	0.40792922	0.52212572	-0.45852825	0.24973408	-0.85286853	-0.47830259	-0.87819510	-0.00000000	80.00000000	W	80.00000000	NAN	PITCH	NORMAL	NAN	XXA		ANG002	0.00000000	0.00000000		STRIAE	318.00000000	60.00000000	NAN	NAN	318.00000000	60.00000000	298.57459985	58.52505111	30.00000000		STRIAE	0.00 0.00 0.00	   	NAN	NAN	NAN	NAN	NAN	NAN	NAN	NAN	NAN	NAN	NAN	NAN	0.13399615	0.11045790	-0.98480662	0.75990100	0.62641404	0.17365459	50.50000000	79.99962691	NAN	NAN	NORMAL	NAN	NAN	NAN	NAN	NAN	NAN	-0.25748546	0.17323790	-0.52140315	-0.04397602	0.04884031	0.03794411	-0.13961166	0.04303816	-0.21720267	0.86602540	2.85885410	7.91208862
ANG_009	8	0.16688531	-0.85855048	0.48480962	0.09250604	-0.47590230	-0.87461971	0.98162718	0.19080900	0.00000000	0.28704027	-0.82392066	0.48863344	0.16075555	-0.46143287	-0.87248918	0.94433338	0.32899007	-0.00000000	86.00000000	E	86.00000000	NAN	PITCH	NORMAL	NAN	XXA		ANG002	0.00000000	0.00000000		STRIAE	169.00000000	61.00000000	NAN	NAN	169.00000000	61.00000000	160.79251180	60.74919917	30.00000000		STRIAE	0.00 0.00 0.00	   	NAN	NAN	NAN	NAN	NAN	NAN	NAN	NAN	NAN	NAN	NAN	NAN	0.13399615	0.11045790	-0.98480662	0.75990100	0.62641404	0.17365459	50.50000000	79.99962691	NAN	NAN	NORMAL	NAN	NAN	NAN	NAN	NAN	NAN	0.08311182	-0.20381957	-0.38955401	0.04153025	-0.21365461	0.12064732	0.05610657	-0.19579301	-0.36604378	0.86602540	1.47543131	20.26163451
ANG_010	9	0.29710050	-0.77397325	0.55919290	0.20039681	-0.52205155	-0.82903757	0.93358043	0.35836795	0.00000000	0.34455236	-0.75349177	0.55994091	0.23285622	-0.50922667	-0.82853255	0.90942930	0.41585857	-0.00000000	88.00000000	E	88.00000000	NAN	PITCH	NORMAL	NAN	XXA		ANG002	0.00000000	0.00000000		STRIAE	159.00000000	56.00000000	NAN	NAN	159.00000000	56.00000000	155.42660371	55.94828871	30.00000000		STRIAE	0.00 0.00 0.00	   	NAN	NAN	NAN	NAN	NAN	NAN	NAN	NAN	NAN	NAN	NAN	NAN	0.13399615	0.11045790	-0.98480662	0.75990100	0.62641404	0.17365459	50.50000000	79.99962691	NAN	NAN	NORMAL	NAN	NAN	NAN	NAN	NAN	NAN	0.11952832	-0.27217926	-0.44022624	0.05113818	-0.13321951	0.09625062	0.08213109	-0.16882397	-0.27730399	0.86602540	0.48447104	12.94933724
ANG_011	10	-0.59136773	0.73027833	0.34202014	-0.21524025	0.26579957	-0.93969262	-0.77714596	-0.62932039	0.00000000	-0.87630416	0.04133791	0.47998145	-0.47944829	0.02261702	-0.87727864	-0.04712061	-0.99888921	-0.00000000	69.00000000	W	69.00000000	NAN	PITCH	NORMAL	NAN	XXA		ANG002	0.00000000	0.00000000		STRIAE	321.00000000	70.00000000	NAN	NAN	321.00000000	70.00000000	272.70081240	61.31580954	30.00000000		STRIAE	0.00 0.00 0.00	   	NAN	NAN	NAN	NAN	NAN	NAN	NAN	NAN	NAN	NAN	NAN	NAN	0.13399615	0.11045790	-0.98480662	0.75990100	0.62641404	0.17365459	50.50000000	79.99962691	NAN	NAN	NORMAL	NAN	NAN	NAN	NAN	NAN	NAN	-0.15507004	0.08893202	-0.45800970	-0.15450700	0.19080025	0.08935981	-0.26014436	-0.06934510	-0.30173588	0.86602540	13.45639508	18.88263003
ANG_012	11	-0.60365126	0.47162405	0.64278761	-0.50652355	0.39573957	-0.76604444	-0.61566148	-0.78801075	0.00000000	-0.54776754	0.53284083	0.64500494	-0.46234331	0.44974442	-0.76417840	-0.69727282	-0.71680584	-0.00000000	86.00000000	N	94.00000000	NAN	PITCH	NORMAL	NAN	XXA		ANG002	0.00000000	0.00000000		STRIAE	308.00000000	50.00000000	NAN	NAN	308.00000000	50.00000000	314.20860967	49.83395389	30.00000000		STRIAE	0.00 0.00 0.00	   	NAN	NAN	NAN	NAN	NAN	NAN	NAN	NAN	NAN	NAN	NAN	NAN	0.13399615	0.11045790	-0.98480662	0.75990100	0.62641404	0.17365459	50.50000000	79.99962691	NAN	NAN	NORMAL	NAN	NAN	NAN	NAN	NAN	NAN	-0.37509133	0.19375925	-0.49441818	0.07363302	-0.05752842	-0.07840685	-0.02530972	0.19573084	-0.16737972	0.86602540	10.91232354	7.73269631
ANG_013	12	-0.38857298	0.67302814	0.62932039	-0.31466020	0.54500745	-0.77714596	-0.86602540	-0.50000000	-0.00000000	-0.55941772	0.51867022	0.64655473	-0.47412444	0.43958963	-0.76286760	-0.67989546	-0.73330905	-0.00000000	79.00000000	W	79.00000000	NAN	PITCH	NORMAL	NAN	XXA		ANG002	0.00000000	0.00000000		STRIAE	330.00000000	51.00000000	NAN	NAN	330.00000000	51.00000000	312.83547427	49.71765565	30.00000000		STRIAE	0.00 0.00 0.00	   	NAN	NAN	NAN	NAN	NAN	NAN	NAN	NAN	NAN	NAN	NAN	NAN	0.13399615	0.11045790	-0.98480662	0.75990100	0.62641404	0.17365459	50.50000000	79.99962691	NAN	NAN	NORMAL	NAN	NAN	NAN	NAN	NAN	NAN	-0.28631465	0.30248109	-0.50027367	0.05914387	-0.10244019	-0.09578753	-0.12428916	0.07821469	-0.16038905	0.86602540	2.45570539	5.46057651
ANG_014	13	-0.13812343	0.87207704	0.46947156	-0.07344153	0.46369159	-0.88294759	-0.98768834	-0.15643447	-0.00000000	-0.49574557	0.70312366	0.50975823	-0.29374076	0.41661711	-0.86031770	-0.81728373	-0.57623546	-0.00000000	77.00000000	W	77.00000000	NAN	PITCH	NORMAL	NAN	XXA		ANG002	0.00000000	0.00000000		STRIAE	351.00000000	62.00000000	NAN	NAN	351.00000000	62.00000000	324.81380199	59.35227333	30.00000000		STRIAE	0.00 0.00 0.00	   	NAN	NAN	NAN	NAN	NAN	NAN	NAN	NAN	NAN	NAN	NAN	NAN	0.13399615	0.11045790	-0.98480662	0.75990100	0.62641404	0.17365459	50.50000000	79.99962691	NAN	NAN	NORMAL	NAN	NAN	NAN	NAN	NAN	NAN	-0.13082462	0.25667491	-0.51528200	-0.00393807	0.02486402	0.01338523	-0.12356234	0.10412608	-0.22977499	0.86602540	4.32313249	9.11133077
ANG_015	14	-0.46789094	0.74878203	0.46947156	-0.24878203	0.39813447	-0.88294759	-0.84804810	-0.52991926	-0.00000000	-0.61677724	0.62503141	0.47845750	-0.33606434	0.34056180	-0.87811071	-0.71179112	-0.70239120	-0.00000000	84.00000000	W	84.00000000	NAN	PITCH	NORMAL	NAN	XXA		ANG002	0.00000000	0.00000000		STRIAE	328.00000000	62.00000000	NAN	NAN	328.00000000	62.00000000	315.38083325	61.41529303	30.00000000		STRIAE	0.00 0.00 0.00	   	NAN	NAN	NAN	NAN	NAN	NAN	NAN	NAN	NAN	NAN	NAN	NAN	0.13399615	0.11045790	-0.98480662	0.75990100	0.62641404	0.17365459	50.50000000	79.99962691	NAN	NAN	NORMAL	NAN	NAN	NAN	NAN	NAN	NAN	-0.21900010	0.18934979	-0.52026555	-0.04345206	0.06953783	0.04359885	-0.07204015	0.10558538	-0.24020063	0.86602540	2.24497115	8.54875609
ANG_016	15	-0.70758221	0.51408857	0.48480962	-0.39221922	0.28496394	-0.87461971	-0.58778525	-0.80901699	-0.00000000	-0.83839234	0.10399685	0.53505415	-0.53098469	0.06586503	-0.84481776	-0.12309974	-0.99239430	-0.00000000	75.00000000	S	75.00000000	NAN	PITCH	NORMAL	NAN	XXA		ANG002	0.00000000	0.00000000		STRIAE	306.00000000	61.00000000	NAN	NAN	306.00000000	61.00000000	277.07103146	57.65241598	30.00000000		STRIAE	0.00 0.00 0.00	   	NAN	NAN	NAN	NAN	NAN	NAN	NAN	NAN	NAN	NAN	NAN	NAN	0.13399615	0.11045790	-0.98480662	0.75990100	0.62641404	0.17365459	50.50000000	79.99962691	NAN	NAN	NORMAL	NAN	NAN	NAN	NAN	NAN	NAN	-0.25937426	0.12192282	-0.50784417	-0.08508762	0.06181977	0.05829894	-0.20047197	-0.06488203	-0.22378948	0.86602540	9.70451384	10.90965908
ANG_017	16	0.70062927	-0.50903696	0.50000000	0.40450850	-0.29389263	-0.86602540	0.58778525	0.80901699	0.00000000	0.38796329	-0.74537898	0.54212051	0.25029474	-0.48088168	-0.84030075	0.88703834	0.46169576	-0.00000000	76.00000000	S	104.00000000	NAN	PITCH	NORMAL	NAN	XXA		ANG002	0.00000000	0.00000000		STRIAE	126.00000000	60.00000000	NAN	NAN	126.00000000	60.00000000	152.50341389	57.17189152	30.00000000		STRIAE	0.00 0.00 0.00	   	NAN	NAN	NAN	NAN	NAN	NAN	NAN	NAN	NAN	NAN	NAN	NAN	0.13399615	0.11045790	-0.98480662	0.75990100	0.62641404	0.17365459	50.50000000	79.99962691	NAN	NAN	NORMAL	NAN	NAN	NAN	NAN	NAN	NAN	0.16729183	-0.21411965	-0.45240873	0.15217246	-0.11055976	0.10859699	0.04946978	-0.20233611	-0.27531307	0.86602540	5.84123587	13.76223424
ANG_018	17	0.69244212	-0.56072857	0.45399050	0.35281688	-0.28570548	-0.89100652	0.62932039	0.77714596	-0.00000000	0.57164231	-0.67903401	0.46058428	0.29662542	-0.35235102	-0.88761598	0.76500877	0.64401986	-0.00000000	85.00000000	S	95.00000000	NAN	PITCH	NORMAL	NAN	XXA		ANG002	0.00000000	0.00000000		STRIAE	129.00000000	63.00000000	NAN	NAN	129.00000000	63.00000000	139.90777264	62.57518346	30.00000000		STRIAE	0.00 0.00 0.00	   	NAN	NAN	NAN	NAN	NAN	NAN	NAN	NAN	NAN	NAN	NAN	NAN	0.13399615	0.11045790	-0.98480662	0.75990100	0.62641404	0.17365459	50.50000000	79.99962691	NAN	NAN	NORMAL	NAN	NAN	NAN	NAN	NAN	NAN	0.13009800	-0.18283787	-0.42425503	0.19094481	-0.15462406	0.12519044	0.12678715	-0.12230707	-0.34444295	0.86602540	2.20785556	17.28297411
ANG_019	18	0.32528049	-0.89370079	0.30901699	0.10569004	-0.29038099	-0.95105652	0.93969262	0.34202014	-0.00000000	0.83115550	-0.16511560	0.53095892	0.52078203	-0.10345746	-0.84739756	0.19485022	0.98083301	-0.00000000	63.00000000	E	63.00000000	NAN	PITCH	NORMAL	NAN	XXA		ANG002	0.00000000	0.00000000		STRIAE	160.00000000	72.00000000	NAN	NAN	160.00000000	72.00000000	101.23597377	57.92973195	30.00000000		STRIAE	0.00 0.00 0.00	   	NAN	NAN	NAN	NAN	NAN	NAN	NAN	NAN	NAN	NAN	NAN	NAN	0.13399615	0.11045790	-0.98480662	0.75990100	0.62641404	0.17365459	50.50000000	79.99962691	NAN	NAN	NORMAL	NAN	NAN	NAN	NAN	NAN	NAN	0.06745528	-0.06152026	-0.24892675	0.12964203	-0.35618856	0.12316014	0.38355519	-0.02807652	-0.48494107	0.86602540	17.80983344	44.23319655
ANG_020	19	0.50259761	-0.62065636	0.60181502	0.37873447	-0.46769811	-0.79863551	0.77714596	0.62932039	-0.00000000	0.52030106	-0.60573197	0.60197641	0.39223985	-0.45664373	-0.79851387	0.75857413	0.65158675	-0.00000000	89.00000000	E	89.00000000	NAN	PITCH	NORMAL	NAN	XXA		ANG002	0.00000000	0.00000000		STRIAE	141.00000000	53.00000000	NAN	NAN	141.00000000	53.00000000	139.33865686	52.98842120	30.00000000		STRIAE	0.00 0.00 0.00	   	NAN	NAN	NAN	NAN	NAN	NAN	NAN	NAN	NAN	NAN	NAN	NAN	0.13399615	0.11045790	-0.98480662	0.75990100	0.62641404	0.17365459	50.50000000	79.99962691	NAN	NAN	NORMAL	NAN	NAN	NAN	NAN	NAN	NAN	0.18976945	-0.30147394	-0.46939572	0.05365498	-0.06625839	0.06424697	0.14992022	-0.09399112	-0.22213758	0.86602540	5.11114349	9.31329616
ANG_021	20	-0.71791667	0.13954886	0.68199836	-0.66946813	0.13013142	-0.73135370	-0.19080900	-0.98162718	0.00000000	-0.64018875	0.32490416	0.69612905	-0.62076004	0.31504384	-0.71791667	-0.45256528	-0.89173127	-0.00000000	79.00000000	N	101.00000000	NAN	PITCH	NORMAL	NAN	XXA		ANG002	0.00000000	0.00000000		STRIAE	281.00000000	47.00000000	NAN	NAN	281.00000000	47.00000000	296.90838925	45.88274399	30.00000000		STRIAE	0.00 0.00 0.00	   	NAN	NAN	NAN	NAN	NAN	NAN	NAN	NAN	NAN	NAN	NAN	NAN	0.13399615	0.11045790	-0.98480662	0.75990100	0.62641404	0.17365459	50.50000000	79.99962691	NAN	NAN	NORMAL	NAN	NAN	NAN	NAN	NAN	NAN	-0.42717331	0.03007523	-0.45582486	0.10282313	-0.01998679	-0.09767875	-0.11042066	0.24276073	-0.16590922	0.86602540	15.76796499	11.39127837
ANG_022	21	-0.36418692	0.60610881	0.70710678	-0.36418692	0.60610881	-0.70710678	-0.85716730	-0.51503808	0.00000000	-0.57457998	0.30581438	0.75916758	-0.67015777	0.35668469	-0.65089522	-0.46983658	-0.88275342	-0.00000000	67.00000000	W	67.00000000	NAN	PITCH	NORMAL	NAN	XXA		ANG002	0.00000000	0.00000000		STRIAE	329.00000000	45.00000000	NAN	NAN	329.00000000	45.00000000	298.02368882	40.60913198	30.00000000		STRIAE	0.00 0.00 0.00	   	NAN	NAN	NAN	NAN	NAN	NAN	NAN	NAN	NAN	NAN	NAN	NAN	0.13399615	0.11045790	-0.98480662	0.75990100	0.62641404	0.17365459	50.50000000	79.99962691	NAN	NAN	NORMAL	NAN	NAN	NAN	NAN	NAN	NAN	-0.31703049	0.33293023	-0.44865967	0.10342524	-0.17212850	-0.20081086	-0.26334317	-0.02403222	-0.11503213	0.86602540	14.01925746	9.60243895
ANG_023	22	-0.39098036	-0.87815626	0.27563736	-0.11211181	-0.25180725	-0.96126170	0.91354546	-0.40673664	0.00000000	-0.87011171	-0.11859185	0.47837390	-0.47399165	-0.06460268	-0.87815626	0.13504641	-0.99083927	-0.00000000	66.00000000	W	114.00000000	NAN	PITCH	NORMAL	NAN	XXA		ANG002	0.00000000	0.00000000		STRIAE	204.00000000	74.00000000	NAN	NAN	204.00000000	74.00000000	262.23869661	61.42074726	30.00000000		STRIAE	0.00 0.00 0.00	   	NAN	NAN	NAN	NAN	NAN	NAN	NAN	NAN	NAN	NAN	NAN	NAN	0.13399615	0.11045790	-0.98480662	0.75990100	0.62641404	0.17365459	50.50000000	79.99962691	NAN	NAN	NORMAL	NAN	NAN	NAN	NAN	NAN	NAN	0.02580230	-0.06640051	-0.17494664	-0.12706883	-0.28540127	0.08958229	-0.43629111	0.01045295	-0.58555898	0.86602540	39.53124197	61.58462727
ANG_024	23	-0.59619974	0.30377894	0.74314483	-0.66214689	0.33738069	-0.66913061	-0.45399050	-0.89100652	-0.00000000	-0.58881243	0.31764653	0.74323657	-0.65412281	0.35287951	-0.66902869	-0.47478761	-0.88010041	-0.00000000	89.00000000	N	91.00000000	NAN	PITCH	NORMAL	NAN	XXA		ANG002	0.00000000	0.00000000		STRIAE	297.00000000	42.00000000	NAN	NAN	297.00000000	42.00000000	298.34552197	41.99214318	30.00000000		STRIAE	0.00 0.00 0.00	   	NAN	NAN	NAN	NAN	NAN	NAN	NAN	NAN	NAN	NAN	NAN	NAN	0.13399615	0.11045790	-0.98480662	0.75990100	0.62641404	0.17365459	50.50000000	79.99962691	NAN	NAN	NORMAL	NAN	NAN	NAN	NAN	NAN	NAN	-0.45416436	0.14056169	-0.42181866	0.16647990	-0.08482574	-0.20751212	-0.11232261	0.16504094	-0.15757719	0.86602540	8.31690586	7.46923229
ANG_025	24	-0.67070549	0.48729606	0.55919290	-0.45239656	0.32868534	-0.82903757	-0.58778525	-0.80901699	0.00000000	-0.62145600	0.54700382	0.56087366	-0.42101427	0.37057557	-0.82790141	-0.66071130	-0.75064011	-0.00000000	87.00000000	N	93.00000000	NAN	PITCH	NORMAL	NAN	XXA		ANG002	0.00000000	0.00000000		STRIAE	306.00000000	56.00000000	NAN	NAN	306.00000000	56.00000000	311.35414351	55.88376126	30.00000000		STRIAE	0.00 0.00 0.00	   	NAN	NAN	NAN	NAN	NAN	NAN	NAN	NAN	NAN	NAN	NAN	NAN	0.13399615	0.11045790	-0.98480662	0.75990100	0.62641404	0.17365459	50.50000000	79.99962691	NAN	NAN	NORMAL	NAN	NAN	NAN	NAN	NAN	NAN	-0.31856286	0.15228234	-0.51479272	-0.01014443	0.00737036	0.00845780	-0.04604619	0.16864552	-0.20219093	0.86602540	8.88889658	8.24949633
ANG_026	25	0.75722776	-0.61319095	0.22495105	0.17481980	-0.14156629	-0.97437006	0.62932039	0.77714596	-0.00000000	-0.30350543	-0.68191898	0.66548550	-0.27059961	-0.60798586	-0.74641077	0.91359745	-0.40661984	-0.00000000	50.00000000	S	130.00000000	NAN	PITCH	NORMAL	NAN	XXA		ANG002	0.00000000	0.00000000		STRIAE	129.00000000	77.00000000	NAN	NAN	129.00000000	77.00000000	203.99267468	48.28041723	30.00000000		STRIAE	0.00 0.00 0.00	   	NAN	NAN	NAN	NAN	NAN	NAN	NAN	NAN	NAN	NAN	NAN	NAN	0.13399615	0.11045790	-0.98480662	0.75990100	0.62641404	0.17365459	50.50000000	79.99962691	NAN	NAN	NORMAL	NAN	NAN	NAN	NAN	NAN	NAN	0.01781451	-0.05476765	-0.20925738	0.33925311	-0.27472175	0.10078255	-0.25216065	-0.47176355	-0.43715332	0.86602540	31.69449415	55.10795207
ANG_027	26	0.45046245	-0.74969541	0.48480962	0.24969541	-0.41556295	-0.87461971	0.85716730	0.51503807	0.00000000	-0.22115847	-0.73989779	0.63532683	-0.18194771	-0.60871604	-0.77224337	0.95811480	-0.28638442	-0.00000000	62.00000000	W	118.00000000	NAN	PITCH	NORMAL	NAN	XXA		ANG002	0.00000000	0.00000000		STRIAE	149.00000000	61.00000000	NAN	NAN	149.00000000	61.00000000	196.64161991	50.55577071	30.00000000		STRIAE	0.00 0.00 0.00	   	NAN	NAN	NAN	NAN	NAN	NAN	NAN	NAN	NAN	NAN	NAN	NAN	0.13399615	0.11045790	-0.98480662	0.75990100	0.62641404	0.17365459	50.50000000	79.99962691	NAN	NAN	NORMAL	NAN	NAN	NAN	NAN	NAN	NAN	0.11621919	-0.20049349	-0.41802271	0.11800966	-0.19640105	0.12700774	-0.27379053	-0.32667006	-0.25075966	0.86602540	27.56335109	28.23877790
ANG_028	27	-0.29004953	0.79690454	0.52991926	-0.18124306	0.49796122	-0.84804810	-0.93969262	-0.34202014	0.00000000	0.11934429	0.80641286	0.57918497	0.08479238	0.57294458	-0.81519615	-0.98922555	0.14639947	0.00000000	74.00000000	E	106.00000000	NAN	PITCH	NORMAL	NAN	XXA		ANG002	0.00000000	0.00000000		STRIAE	340.00000000	58.00000000	NAN	NAN	340.00000000	58.00000000	8.41832800	54.60676149	30.00000000		STRIAE	0.00 0.00 0.00	   	NAN	NAN	NAN	NAN	NAN	NAN	NAN	NAN	NAN	NAN	NAN	NAN	0.13399615	0.11045790	-0.98480662	0.75990100	0.62641404	0.17365459	50.50000000	79.99962691	NAN	NAN	NORMAL	NAN	NAN	NAN	NAN	NAN	NAN	-0.20068081	0.27484624	-0.52316194	0.00716817	-0.01969439	-0.01309622	0.27411316	0.22133832	-0.18281863	0.86602540	24.71598677	18.19246031
ANG_029	28	0.41790046	-0.82017583	0.39073113	0.17738822	-0.34814398	-0.92050485	0.89100652	0.45399050	-0.00000000	0.07820613	-0.90580206	0.41642098	0.03582015	-0.41487752	-0.90917191	0.99629349	0.08601908	-0.00000000	81.00000000	W	99.00000000	NAN	PITCH	NORMAL	NAN	XXA		ANG002	0.00000000	0.00000000		STRIAE	153.00000000	67.00000000	NAN	NAN	153.00000000	67.00000000	175.06537176	65.39116547	30.00000000		STRIAE	0.00 0.00 0.00	   	NAN	NAN	NAN	NAN	NAN	NAN	NAN	NAN	NAN	NAN	NAN	NAN	0.13399615	0.11045790	-0.98480662	0.75990100	0.62641404	0.17365459	50.50000000	79.99962691	NAN	NAN	NORMAL	NAN	NAN	NAN	NAN	NAN	NAN	0.08180107	-0.12084529	-0.34115298	0.14637108	-0.28726942	0.13685493	-0.05077991	-0.23844918	-0.44621299	0.86602540	11.78404874	29.85393279
ANG_030	29	0.73443119	-0.42402405	0.52991926	0.45892354	-0.26495963	-0.84804810	0.50000000	0.86602540	-0.00000000	0.12858639	-0.70759694	0.69481804	0.12422961	-0.68362206	-0.71918557	0.98388645	0.17879445	-0.00000000	58.00000000	S	122.00000000	NAN	PITCH	NORMAL	NAN	XXA		ANG002	0.00000000	0.00000000		STRIAE	120.00000000	58.00000000	NAN	NAN	120.00000000	58.00000000	169.70045246	45.98728075	30.00000000		STRIAE	0.00 0.00 0.00	   	NAN	NAN	NAN	NAN	NAN	NAN	NAN	NAN	NAN	NAN	NAN	NAN	0.13399615	0.11045790	-0.98480662	0.75990100	0.62641404	0.17365459	50.50000000	79.99962691	NAN	NAN	NORMAL	NAN	NAN	NAN	NAN	NAN	NAN	0.20562924	-0.22886547	-0.46811847	0.12070649	-0.06968992	0.08709419	-0.09804325	-0.36316860	-0.15471451	0.86602540	22.19571020	19.10342235
ANG_031	30	0.79172110	-0.49472225	0.35836795	0.30391326	-0.18990608	-0.93358043	0.52991926	0.84804810	0.00000000	0.88309053	-0.29172411	0.36748899	0.34894228	-0.11527117	-0.93002787	0.31367244	0.94953125	-0.00000000	85.00000000	N	85.00000000	NAN	PITCH	NORMAL	NAN	XXA		ANG002	0.00000000	0.00000000		STRIAE	122.00000000	69.00000000	NAN	NAN	122.00000000	69.00000000	108.28068876	68.43916000	30.00000000		STRIAE	0.00 0.00 0.00	   	NAN	NAN	NAN	NAN	NAN	NAN	NAN	NAN	NAN	NAN	NAN	NAN	0.13399615	0.11045790	-0.98480662	0.75990100	0.62641404	0.17365459	50.50000000	79.99962691	NAN	NAN	NORMAL	NAN	NAN	NAN	NAN	NAN	NAN	0.08082292	-0.13141677	-0.35997642	0.27855243	-0.17405888	0.12608514	0.22136996	0.03158901	-0.44545134	0.86602540	15.09058364	28.68615849
ANG_032	31	0.65164092	-0.60766499	0.45399050	0.33202763	-0.30962078	-0.89100652	0.68199836	0.73135370	0.00000000	0.49506605	-0.73493401	0.46344536	0.25892051	-0.38437192	-0.88612550	0.82937915	0.55868616	-0.00000000	84.00000000	S	96.00000000	NAN	PITCH	NORMAL	NAN	XXA		ANG002	0.00000000	0.00000000		STRIAE	133.00000000	63.00000000	NAN	NAN	133.00000000	63.00000000	146.03501436	62.39034516	30.00000000		STRIAE	0.00 0.00 0.00	   	NAN	NAN	NAN	NAN	NAN	NAN	NAN	NAN	NAN	NAN	NAN	NAN	0.13399615	0.11045790	-0.98480662	0.75990100	0.62641404	0.17365459	50.50000000	79.99962691	NAN	NAN	NORMAL	NAN	NAN	NAN	NAN	NAN	NAN	0.12359361	-0.18093092	-0.41957715	0.18408318	-0.17166034	0.12824856	0.10063813	-0.15194492	-0.34783004	0.86602540	0.17575404	17.80560114
ANG_033	32	0.84031395	-0.39184483	0.37460659	0.33950887	-0.15831559	-0.92718385	0.42261826	0.90630779	0.00000000	0.88528509	-0.27126652	0.37773639	0.36116172	-0.11066614	-0.92591318	0.29297187	0.95612106	-0.00000000	87.00000000	N	87.00000000	NAN	PITCH	NORMAL	NAN	XXA		ANG002	0.00000000	0.00000000		STRIAE	115.00000000	68.00000000	NAN	NAN	115.00000000	68.00000000	107.03596157	67.80646023	30.00000000		STRIAE	0.00 0.00 0.00	   	NAN	NAN	NAN	NAN	NAN	NAN	NAN	NAN	NAN	NAN	NAN	NAN	0.13399615	0.11045790	-0.98480662	0.75990100	0.62641404	0.17365459	50.50000000	79.99962691	NAN	NAN	NORMAL	NAN	NAN	NAN	NAN	NAN	NAN	0.10250625	-0.14619004	-0.38285830	0.26882236	-0.12535392	0.11983929	0.21026897	0.05035036	-0.41900604	0.86602540	15.18600174	25.67063937
ANG_034	33	0.24194429	-0.70265724	0.66913061	0.21784762	-0.63267542	-0.74314483	0.94551858	0.32556815	-0.00000000	0.32973969	-0.66282796	0.67225801	0.29942601	-0.60189276	-0.74031694	0.89532999	0.44540341	-0.00000000	85.00000000	E	85.00000000	NAN	PITCH	NORMAL	NAN	XXA		ANG002	0.00000000	0.00000000		STRIAE	161.00000000	48.00000000	NAN	NAN	161.00000000	48.00000000	153.55084799	47.75842058	30.00000000		STRIAE	0.00 0.00 0.00	   	NAN	NAN	NAN	NAN	NAN	NAN	NAN	NAN	NAN	NAN	NAN	NAN	0.13399615	0.11045790	-0.98480662	0.75990100	0.62641404	0.17365459	50.50000000	79.99962691	NAN	NAN	NORMAL	NAN	NAN	NAN	NAN	NAN	NAN	0.13693556	-0.38103462	-0.44963944	0.00289008	-0.00839341	0.00799293	0.12237498	-0.14021980	-0.19149383	0.86602540	4.48653656	8.23383639
ANG_035	34	-0.31930331	0.87727864	0.35836795	-0.12256906	0.33675572	-0.93358043	-0.93969262	-0.34202014	0.00000000	-0.40263512	0.84166253	0.35984600	-0.15528919	0.32461424	-0.93301171	-0.90209214	-0.43154347	-0.00000000	88.00000000	W	88.00000000	NAN	PITCH	NORMAL	NAN	XXA		ANG002	0.00000000	0.00000000		STRIAE	340.00000000	69.00000000	NAN	NAN	340.00000000	69.00000000	334.43444713	68.90926161	30.00000000		STRIAE	0.00 0.00 0.00	   	NAN	NAN	NAN	NAN	NAN	NAN	NAN	NAN	NAN	NAN	NAN	NAN	0.13399615	0.11045790	-0.98480662	0.75990100	0.62641404	0.17365459	50.50000000	79.99962691	NAN	NAN	NORMAL	NAN	NAN	NAN	NAN	NAN	NAN	-0.14582000	0.14263140	-0.47908382	-0.06224807	0.17102516	0.06986371	0.01133562	0.13849278	-0.32892802	0.86602540	7.75702069	14.72270799
ANG_036	35	-0.88667033	0.27108232	0.37460659	-0.35823807	0.10952437	-0.92718385	-0.29237170	-0.95630476	-0.00000000	-0.67635939	0.61342127	0.40774050	-0.30202581	0.27392103	-0.91309785	-0.67180234	-0.74073046	-0.00000000	80.00000000	N	100.00000000	NAN	PITCH	NORMAL	NAN	XXA		ANG002	0.00000000	0.00000000		STRIAE	287.00000000	68.00000000	NAN	NAN	287.00000000	68.00000000	312.20632312	65.93702435	30.00000000		STRIAE	0.00 0.00 0.00	   	NAN	NAN	NAN	NAN	NAN	NAN	NAN	NAN	NAN	NAN	NAN	NAN	0.13399615	0.11045790	-0.98480662	0.75990100	0.62641404	0.17365459	50.50000000	79.99962691	NAN	NAN	NORMAL	NAN	NAN	NAN	NAN	NAN	NAN	-0.16325005	0.04726765	-0.42060766	-0.23460873	0.07172709	0.09911911	-0.09831198	0.18995491	-0.37015828	0.86602540	10.31921470	21.10391481
ANG_037	36	0.09822463	0.93454489	0.34202014	0.03575084	0.34014652	-0.93969262	-0.99452190	0.10452846	-0.00000000	-0.54443718	0.70872368	0.44866346	-0.27332310	0.35579964	-0.89370079	-0.79302121	-0.60919403	-0.00000000	72.00000000	W	72.00000000	NAN	PITCH	NORMAL	NAN	XXA		ANG002	0.00000000	0.00000000		STRIAE	6.00000000	70.00000000	NAN	NAN	6.00000000	70.00000000	322.46875140	63.34203499	30.00000000		STRIAE	0.00 0.00 0.00	   	NAN	NAN	NAN	NAN	NAN	NAN	NAN	NAN	NAN	NAN	NAN	NAN	0.13399615	0.11045790	-0.98480662	0.75990100	0.62641404	0.17365459	50.50000000	79.99962691	NAN	NAN	NORMAL	NAN	NAN	NAN	NAN	NAN	NAN	-0.05229410	0.17451264	-0.46182462	0.01384716	0.13174697	0.04821611	-0.18441065	0.13361889	-0.31214296	0.86602540	9.86531749	17.23904678
ANG_038	37	-0.01650157	0.94537457	0.32556815	-0.00568195	0.32551857	-0.94551858	-0.99984770	-0.01745241	0.00000000	0.03412967	0.94475830	0.32598608	0.01176867	0.32577358	-0.94537457	-0.99934812	0.03610174	0.00000000	89.00000000	E	91.00000000	NAN	PITCH	NORMAL	NAN	XXA		ANG002	0.00000000	0.00000000		STRIAE	359.00000000	71.00000000	NAN	NAN	359.00000000	71.00000000	2.06892712	70.97467288	30.00000000		STRIAE	0.00 0.00 0.00	   	NAN	NAN	NAN	NAN	NAN	NAN	NAN	NAN	NAN	NAN	NAN	NAN	0.13399615	0.11045790	-0.98480662	0.75990100	0.62641404	0.17365459	50.50000000	79.99962691	NAN	NAN	NORMAL	NAN	NAN	NAN	NAN	NAN	NAN	-0.08373642	0.15576485	-0.45654929	-0.00289603	0.16591373	0.05713738	0.09392838	0.12636334	-0.36216910	0.86602540	10.52340884	18.00832781
ANG_039	38	0.75440651	0.63302222	0.17364818	0.13302222	0.11161890	-0.98480775	-0.64278761	0.76604444	-0.00000000	NAN	NAN	NAN	NAN	NAN	NAN	NAN	NAN	NAN	NAN	NONE	NAN	NAN	NONE	NONE	NAN	XXX		ANG002	0.00000000	0.00000000		BEDDING	50.00000000	80.00000000	NAN	NAN	50.00000000	80.00000000	NAN	NAN	NAN		PLANE	0.00 0.00 0.00	   	NAN	NAN	NAN	NAN	NAN	NAN	NAN	NAN	NAN	0.13399615	0.11045790	-0.98480662	0.13399615	0.11045790	-0.98480662	0.75990100	0.62641404	0.17365459	50.50000000	79.99962691	50.50000000	79.99962691	NORMAL	NAN	NAN	NAN	NAN	NAN	NAN	NAN	NAN	NAN	NAN	NAN	NAN	NAN	NAN	NAN	NAN	NAN	NAN
ANG_040	39	0.76533937	0.61975960	0.17364818	0.13494998	0.10928034	-0.98480775	-0.62932039	0.77714596	0.00000000	NAN	NAN	NAN	NAN	NAN	NAN	NAN	NAN	NAN	NAN	NONE	NAN	NAN	NONE	NONE	NAN	XXX		ANG002	0.00000000	0.00000000		BEDDING	51.00000000	80.00000000	NAN	NAN	51.00000000	80.00000000	NAN	NAN	NAN		PLANE	0.00 0.00 0.00	   	NAN	NAN	NAN	NAN	NAN	NAN	NAN	NAN	NAN	0.13399615	0.11045790	-0.98480662	0.13399615	0.11045790	-0.98480662	0.75990100	0.62641404	0.17365459	50.50000000	79.99962691	50.50000000	79.99962691	NORMAL	NAN	NAN	NAN	NAN	NAN	NAN	NAN	NAN	NAN	NAN	NAN	NAN	NAN	NAN	NAN	NAN	NAN	NAN
