NAME_ID s	iID i	N.X d	N.Y d	N.Z d	D.X d	D.Y d	D.Z d	S.X d	S.Y d	S.Z d	NC.X d	NC.Y d	NC.Z d	DC.X d	DC.Y d	DC.Z d	SC.X d	SC.Y d	SC.Z d	LPITCH  d	LPITCHSENSE s	PITCHANGLE  d	MISFIT d	LINEATION s	OFFSET s	DEPTH d	GC s	COLOR s	LOC s	LOCX d	LOCY d	FORMATION s	DATATYPE s	DIPDIR d	DIP d	LDIR d	LDIP d	corr.DIPDIR d	corr.DIP d	corrL.DIPDIR d	corrL.DIP d	PALEON d	COMMENT s	DATAGROUP s	PSCOLOR s	DASHED s	ptnP.X d	ptnP.Y d	ptnP.Z d	ptnT.X d	ptnT.Y d	ptnT.Z d	ptnN.X d	ptnN.Y d	ptnN.Z d	avD.X d	avD.Y d	avD.Z d	avS0D.X d	avS0D.Y d	avS0D.Z d	avS0N.X d	avS0N.Y d	avS0N.Z d	avS0d.DIPDIR d	avS0d.DIP d	avd.DIPDIR d	avd.DIP d	avS0offset s	TRAJECTORY.X d	TRAJECTORY.Y d	TRAJECTORY.Z d	fold_great_circle_N.X d	fold_great_circle_N.Y d	fold_great_circle_N.Z d	SHEAR_S.X d	SHEAR_S.Y d	SHEAR_S.Z d	NORMAL_S.X d	NORMAL_S.Y d	NORMAL_S.Z d	lambda d	ANG d	RUP d
BZ0066	0	-0.61138638	0.73602306	0.29064886	-0.18571616	0.22357609	-0.95682979	-0.76923092	-0.63897088	0.00000000	NAN	NAN	NAN	NAN	NAN	NAN	NAN	NAN	NAN	NAN	NONE	NAN	NAN	NONE	NONE	NAN	AXX	A	230	0.00000000	0.00000000	LOWERFARS	FRACTURE	145.00000000	82.00000000	NAN	NAN	320.28487633	73.10319397	NAN	NAN	NAN		PLANE	0.00 0.00 0.00	   	NAN	NAN	NAN	NAN	NAN	NAN	NAN	NAN	NAN	0.86851989	0.35997674	-0.34071973	0.18710217	-0.98234036	-0.00044721	0.00008367	-0.00043932	0.99999990	169.21628080	0.02562345	67.48738679	19.92073026	NORMAL	NAN	NAN	NAN	NAN	NAN	NAN	NAN	NAN	NAN	NAN	NAN	NAN	NAN	NAN	NAN
BZ0070	1	-0.75436935	0.65465565	0.04850629	-0.03663478	0.03179234	-0.99882288	-0.65542717	-0.75525838	0.00000000	NAN	NAN	NAN	NAN	NAN	NAN	NAN	NAN	NAN	NAN	NONE	NAN	NAN	NONE	NONE	NAN	AXX	A	230	0.00000000	0.00000000	LOWERFARS	FRACTURE	128.00000000	82.00000000	NAN	NAN	310.95204803	87.21970325	NAN	NAN	NAN		PLANE	0.00 0.00 0.00	   	NAN	NAN	NAN	NAN	NAN	NAN	NAN	NAN	NAN	0.86851989	0.35997674	-0.34071973	0.18710217	-0.98234036	-0.00044721	0.00008367	-0.00043932	0.99999990	169.21628080	0.02562345	67.48738679	19.92073026	NORMAL	NAN	NAN	NAN	NAN	NAN	NAN	NAN	NAN	NAN	NAN	NAN	NAN	NAN	NAN	NAN
BZ0071	2	0.21198568	0.29823031	0.93065609	0.53918663	0.75855028	-0.36589513	-0.81507046	0.57936184	0.00000000	NAN	NAN	NAN	NAN	NAN	NAN	NAN	NAN	NAN	NAN	NONE	NAN	NAN	NONE	NONE	NAN	AXX	A	230	0.00000000	0.00000000	LOWERFARS	FRACTURE	32.00000000	81.00000000	NAN	NAN	35.40567069	21.46268087	NAN	NAN	NAN		PLANE	0.00 0.00 0.00	   	NAN	NAN	NAN	NAN	NAN	NAN	NAN	NAN	NAN	0.86851989	0.35997674	-0.34071973	0.18710217	-0.98234036	-0.00044721	0.00008367	-0.00043932	0.99999990	169.21628080	0.02562345	67.48738679	19.92073026	NORMAL	NAN	NAN	NAN	NAN	NAN	NAN	NAN	NAN	NAN	NAN	NAN	NAN	NAN	NAN	NAN
BZ0072	3	-0.69409774	0.70585480	0.14141191	-0.09915006	0.10082952	-0.98995084	-0.71302005	-0.70114364	0.00000000	NAN	NAN	NAN	NAN	NAN	NAN	NAN	NAN	NAN	NAN	NONE	NAN	NAN	NONE	NONE	NAN	AXX	A	230	0.00000000	0.00000000	LOWERFARS	FRACTURE	135.00000000	81.00000000	NAN	NAN	315.48116916	81.87044460	NAN	NAN	NAN		PLANE	0.00 0.00 0.00	   	NAN	NAN	NAN	NAN	NAN	NAN	NAN	NAN	NAN	0.86851989	0.35997674	-0.34071973	0.18710217	-0.98234036	-0.00044721	0.00008367	-0.00043932	0.99999990	169.21628080	0.02562345	67.48738679	19.92073026	NORMAL	NAN	NAN	NAN	NAN	NAN	NAN	NAN	NAN	NAN	NAN	NAN	NAN	NAN	NAN	NAN
BZ0073	4	0.73850985	-0.22967643	0.63391793	0.60531993	-0.18825439	-0.77340033	0.29696965	0.95488692	0.00000000	NAN	NAN	NAN	NAN	NAN	NAN	NAN	NAN	NAN	NAN	NONE	NAN	NAN	NONE	NONE	NAN	AXX	A	230	0.00000000	0.00000000	LOWERFARS	FRACTURE	80.00000000	80.00000000	NAN	NAN	107.27568397	50.66022487	NAN	NAN	NAN		PLANE	0.00 0.00 0.00	   	NAN	NAN	NAN	NAN	NAN	NAN	NAN	NAN	NAN	0.86851989	0.35997674	-0.34071973	0.18710217	-0.98234036	-0.00044721	0.00008367	-0.00043932	0.99999990	169.21628080	0.02562345	67.48738679	19.92073026	NORMAL	NAN	NAN	NAN	NAN	NAN	NAN	NAN	NAN	NAN	NAN	NAN	NAN	NAN	NAN	NAN
BZ0074	5	0.60847526	-0.04748494	0.79215089	0.78974971	-0.06163146	-0.61032529	0.07780268	0.99696878	0.00000000	NAN	NAN	NAN	NAN	NAN	NAN	NAN	NAN	NAN	NAN	NONE	NAN	NAN	NONE	NONE	NAN	AXX	A	230	0.00000000	0.00000000	LOWERFARS	FRACTURE	64.00000000	80.00000000	NAN	NAN	94.46227479	37.61302761	NAN	NAN	NAN		PLANE	0.00 0.00 0.00	   	NAN	NAN	NAN	NAN	NAN	NAN	NAN	NAN	NAN	0.86851989	0.35997674	-0.34071973	0.18710217	-0.98234036	-0.00044721	0.00008367	-0.00043932	0.99999990	169.21628080	0.02562345	67.48738679	19.92073026	NORMAL	NAN	NAN	NAN	NAN	NAN	NAN	NAN	NAN	NAN	NAN	NAN	NAN	NAN	NAN	NAN
BZ0075	6	0.52280192	0.04209689	0.85141412	0.84866729	0.06833611	-0.52449404	-0.08026190	0.99677381	-0.00000000	NAN	NAN	NAN	NAN	NAN	NAN	NAN	NAN	NAN	NAN	NONE	NAN	NAN	NONE	NONE	NAN	AXX	A	230	0.00000000	0.00000000	LOWERFARS	FRACTURE	56.00000000	80.00000000	NAN	NAN	85.39638026	31.63418864	NAN	NAN	NAN		PLANE	0.00 0.00 0.00	   	NAN	NAN	NAN	NAN	NAN	NAN	NAN	NAN	NAN	0.86851989	0.35997674	-0.34071973	0.18710217	-0.98234036	-0.00044721	0.00008367	-0.00043932	0.99999990	169.21628080	0.02562345	67.48738679	19.92073026	NORMAL	NAN	NAN	NAN	NAN	NAN	NAN	NAN	NAN	NAN	NAN	NAN	NAN	NAN	NAN	NAN
BZ0076	7	0.47548917	0.08574045	0.87553334	0.86163712	0.15537084	-0.48315771	-0.17745851	0.98412828	-0.00000000	NAN	NAN	NAN	NAN	NAN	NAN	NAN	NAN	NAN	NAN	NONE	NAN	NAN	NONE	NONE	NAN	AXX	A	230	0.00000000	0.00000000	LOWERFARS	FRACTURE	52.00000000	80.00000000	NAN	NAN	79.77823991	28.89184120	NAN	NAN	NAN		PLANE	0.00 0.00 0.00	   	NAN	NAN	NAN	NAN	NAN	NAN	NAN	NAN	NAN	0.86851989	0.35997674	-0.34071973	0.18710217	-0.98234036	-0.00044721	0.00008367	-0.00043932	0.99999990	169.21628080	0.02562345	67.48738679	19.92073026	NORMAL	NAN	NAN	NAN	NAN	NAN	NAN	NAN	NAN	NAN	NAN	NAN	NAN	NAN	NAN	NAN
BZ0077	8	0.23301916	0.26620759	0.93532646	0.61604782	0.70379022	-0.35378583	-0.75245409	0.65864470	0.00000000	NAN	NAN	NAN	NAN	NAN	NAN	NAN	NAN	NAN	NAN	NONE	NAN	NAN	NONE	NONE	NAN	AXX	B	230	0.00000000	0.00000000	LOWERFARS	FRACTURE	34.00000000	80.00000000	NAN	NAN	41.19659170	20.71904894	NAN	NAN	NAN		PLANE	0.00 0.00 1.00	   	NAN	NAN	NAN	NAN	NAN	NAN	NAN	NAN	NAN	0.86851989	0.35997674	-0.34071973	0.18710217	-0.98234036	-0.00044721	0.00008367	-0.00043932	0.99999990	169.21628080	0.02562345	67.48738679	19.92073026	NORMAL	NAN	NAN	NAN	NAN	NAN	NAN	NAN	NAN	NAN	NAN	NAN	NAN	NAN	NAN	NAN
BZ0078	9	0.39956797	0.14917241	0.90448496	0.84735880	0.31634806	-0.42650553	-0.34975492	0.93684123	0.00000000	NAN	NAN	NAN	NAN	NAN	NAN	NAN	NAN	NAN	NAN	NONE	NAN	NAN	NONE	NONE	NAN	AXX	B	230	0.00000000	0.00000000	LOWERFARS	FRACTURE	46.00000000	80.00000000	NAN	NAN	69.52767439	25.24599571	NAN	NAN	NAN		PLANE	0.00 0.00 1.00	   	NAN	NAN	NAN	NAN	NAN	NAN	NAN	NAN	NAN	0.86851989	0.35997674	-0.34071973	0.18710217	-0.98234036	-0.00044721	0.00008367	-0.00043932	0.99999990	169.21628080	0.02562345	67.48738679	19.92073026	NORMAL	NAN	NAN	NAN	NAN	NAN	NAN	NAN	NAN	NAN	NAN	NAN	NAN	NAN	NAN	NAN
BZ0079	10	0.23301916	0.26620759	0.93532646	0.61604782	0.70379022	-0.35378583	-0.75245409	0.65864470	0.00000000	NAN	NAN	NAN	NAN	NAN	NAN	NAN	NAN	NAN	NAN	NONE	NAN	NAN	NONE	NONE	NAN	AXX	B	230	0.00000000	0.00000000	LOWERFARS	FRACTURE	34.00000000	80.00000000	NAN	NAN	41.19659170	20.71904894	NAN	NAN	NAN		PLANE	0.00 0.00 1.00	   	NAN	NAN	NAN	NAN	NAN	NAN	NAN	NAN	NAN	0.86851989	0.35997674	-0.34071973	0.18710217	-0.98234036	-0.00044721	0.00008367	-0.00043932	0.99999990	169.21628080	0.02562345	67.48738679	19.92073026	NORMAL	NAN	NAN	NAN	NAN	NAN	NAN	NAN	NAN	NAN	NAN	NAN	NAN	NAN	NAN	NAN
BZ0080	11	0.35960364	0.17978470	0.91562147	0.81897234	0.40944717	-0.40204144	-0.44717952	0.89444423	-0.00000000	NAN	NAN	NAN	NAN	NAN	NAN	NAN	NAN	NAN	NAN	NONE	NAN	NAN	NONE	NONE	NAN	AXX	B	230	0.00000000	0.00000000	LOWERFARS	FRACTURE	43.00000000	80.00000000	NAN	NAN	63.43713175	23.70586077	NAN	NAN	NAN		PLANE	0.00 0.00 1.00	   	NAN	NAN	NAN	NAN	NAN	NAN	NAN	NAN	NAN	0.86851989	0.35997674	-0.34071973	0.18710217	-0.98234036	-0.00044721	0.00008367	-0.00043932	0.99999990	169.21628080	0.02562345	67.48738679	19.92073026	NORMAL	NAN	NAN	NAN	NAN	NAN	NAN	NAN	NAN	NAN	NAN	NAN	NAN	NAN	NAN	NAN
BZ0081	12	-0.65926909	0.73132809	0.17470970	-0.11697986	0.12976591	-0.98461999	-0.74275162	-0.66956704	0.00000000	NAN	NAN	NAN	NAN	NAN	NAN	NAN	NAN	NAN	NAN	NONE	NAN	NAN	NONE	NONE	NAN	AXX	B	230	0.00000000	0.00000000	LOWERFARS	FRACTURE	138.00000000	80.00000000	NAN	NAN	317.96634213	79.93823498	NAN	NAN	NAN		PLANE	0.00 0.00 1.00	   	NAN	NAN	NAN	NAN	NAN	NAN	NAN	NAN	NAN	0.86851989	0.35997674	-0.34071973	0.18710217	-0.98234036	-0.00044721	0.00008367	-0.00043932	0.99999990	169.21628080	0.02562345	67.48738679	19.92073026	NORMAL	NAN	NAN	NAN	NAN	NAN	NAN	NAN	NAN	NAN	NAN	NAN	NAN	NAN	NAN	NAN
BZ0082	13	0.76875649	-0.63689037	0.05817316	0.04479686	-0.03711278	-0.99830651	0.63797077	0.77006058	0.00000000	NAN	NAN	NAN	NAN	NAN	NAN	NAN	NAN	NAN	NAN	NONE	NAN	NAN	NONE	NONE	NAN	AXX	B	230	0.00000000	0.00000000	LOWERFARS	FRACTURE	122.00000000	80.00000000	NAN	NAN	129.64067049	86.66504059	NAN	NAN	NAN		PLANE	0.00 0.00 1.00	   	NAN	NAN	NAN	NAN	NAN	NAN	NAN	NAN	NAN	0.86851989	0.35997674	-0.34071973	0.18710217	-0.98234036	-0.00044721	0.00008367	-0.00043932	0.99999990	169.21628080	0.02562345	67.48738679	19.92073026	NORMAL	NAN	NAN	NAN	NAN	NAN	NAN	NAN	NAN	NAN	NAN	NAN	NAN	NAN	NAN	NAN
BZ0083	14	0.70534728	-0.23211332	0.66978251	0.63621926	-0.20936491	-0.74255733	0.31258640	0.94988933	0.00000000	NAN	NAN	NAN	NAN	NAN	NAN	NAN	NAN	NAN	NAN	NONE	NAN	NAN	NONE	NONE	NAN	AXX	B	230	0.00000000	0.00000000	LOWERFARS	FRACTURE	78.00000000	78.00000000	NAN	NAN	108.21516853	47.94971873	NAN	NAN	NAN		PLANE	0.00 0.00 1.00	   	NAN	NAN	NAN	NAN	NAN	NAN	NAN	NAN	NAN	0.86851989	0.35997674	-0.34071973	0.18710217	-0.98234036	-0.00044721	0.00008367	-0.00043932	0.99999990	169.21628080	0.02562345	67.48738679	19.92073026	NORMAL	NAN	NAN	NAN	NAN	NAN	NAN	NAN	NAN	NAN	NAN	NAN	NAN	NAN	NAN	NAN
BZ0084	15	0.66095719	-0.16420555	0.73223775	0.71063571	-0.17654748	-0.68104910	0.24110678	0.97049859	0.00000000	NAN	NAN	NAN	NAN	NAN	NAN	NAN	NAN	NAN	NAN	NONE	NAN	NAN	NONE	NONE	NAN	AXX	B	230	0.00000000	0.00000000	LOWERFARS	FRACTURE	72.00000000	78.00000000	NAN	NAN	103.95187248	42.92567784	NAN	NAN	NAN		PLANE	0.00 0.00 1.00	   	NAN	NAN	NAN	NAN	NAN	NAN	NAN	NAN	NAN	0.86851989	0.35997674	-0.34071973	0.18710217	-0.98234036	-0.00044721	0.00008367	-0.00043932	0.99999990	169.21628080	0.02562345	67.48738679	19.92073026	NORMAL	NAN	NAN	NAN	NAN	NAN	NAN	NAN	NAN	NAN	NAN	NAN	NAN	NAN	NAN	NAN
BZ0085	16	0.64430624	-0.14151117	0.75156108	0.73406440	-0.16122506	-0.65966351	0.21452024	0.97671954	0.00000000	NAN	NAN	NAN	NAN	NAN	NAN	NAN	NAN	NAN	NAN	NONE	NAN	NAN	NONE	NONE	NAN	AXX	C	230	0.00000000	0.00000000	LOWERFARS	FRACTURE	70.00000000	78.00000000	NAN	NAN	102.38738231	41.27421500	NAN	NAN	NAN		PLANE	1.00 0.00 0.67	   	NAN	NAN	NAN	NAN	NAN	NAN	NAN	NAN	NAN	0.86851989	0.35997674	-0.34071973	0.18710217	-0.98234036	-0.00044721	0.00008367	-0.00043932	0.99999990	169.21628080	0.02562345	67.48738679	19.92073026	NORMAL	NAN	NAN	NAN	NAN	NAN	NAN	NAN	NAN	NAN	NAN	NAN	NAN	NAN	NAN	NAN
BZ0086	17	0.56897898	-0.05117801	0.82075802	0.81745787	-0.07352797	-0.57127600	0.08958544	0.99597914	0.00000000	NAN	NAN	NAN	NAN	NAN	NAN	NAN	NAN	NAN	NAN	NONE	NAN	NAN	NONE	NONE	NAN	AXX	C	230	0.00000000	0.00000000	LOWERFARS	FRACTURE	62.00000000	78.00000000	NAN	NAN	95.13975843	34.83925309	NAN	NAN	NAN		PLANE	1.00 0.00 0.67	   	NAN	NAN	NAN	NAN	NAN	NAN	NAN	NAN	NAN	0.86851989	0.35997674	-0.34071973	0.18710217	-0.98234036	-0.00044721	0.00008367	-0.00043932	0.99999990	169.21628080	0.02562345	67.48738679	19.92073026	NORMAL	NAN	NAN	NAN	NAN	NAN	NAN	NAN	NAN	NAN	NAN	NAN	NAN	NAN	NAN	NAN
BZ0087	18	0.51528543	0.00436111	0.85700753	0.85697684	0.00725301	-0.51530389	-0.00846318	0.99996419	-0.00000000	NAN	NAN	NAN	NAN	NAN	NAN	NAN	NAN	NAN	NAN	NONE	NAN	NAN	NONE	NONE	NAN	AXX	C	230	0.00000000	0.00000000	LOWERFARS	FRACTURE	57.00000000	78.00000000	NAN	NAN	89.51508946	31.01776934	NAN	NAN	NAN		PLANE	1.00 0.00 0.67	   	NAN	NAN	NAN	NAN	NAN	NAN	NAN	NAN	NAN	0.86851989	0.35997674	-0.34071973	0.18710217	-0.98234036	-0.00044721	0.00008367	-0.00043932	0.99999990	169.21628080	0.02562345	67.48738679	19.92073026	NORMAL	NAN	NAN	NAN	NAN	NAN	NAN	NAN	NAN	NAN	NAN	NAN	NAN	NAN	NAN	NAN
BZ0088	19	0.48083166	0.03712792	0.87602650	0.87342655	0.06744255	-0.48226296	-0.07698688	0.99703211	0.00000000	NAN	NAN	NAN	NAN	NAN	NAN	NAN	NAN	NAN	NAN	NONE	NAN	NAN	NONE	NONE	NAN	AXX	C	230	0.00000000	0.00000000	LOWERFARS	FRACTURE	54.00000000	78.00000000	NAN	NAN	85.58460770	28.83330441	NAN	NAN	NAN		PLANE	1.00 0.00 0.67	   	NAN	NAN	NAN	NAN	NAN	NAN	NAN	NAN	NAN	0.86851989	0.35997674	-0.34071973	0.18710217	-0.98234036	-0.00044721	0.00008367	-0.00043932	0.99999990	169.21628080	0.02562345	67.48738679	19.92073026	NORMAL	NAN	NAN	NAN	NAN	NAN	NAN	NAN	NAN	NAN	NAN	NAN	NAN	NAN	NAN	NAN
BZ0089	20	0.35525415	0.14204759	0.92391394	0.85787758	0.34302046	-0.38260035	-0.37126884	0.92852542	0.00000000	NAN	NAN	NAN	NAN	NAN	NAN	NAN	NAN	NAN	NAN	NONE	NAN	NAN	NONE	NONE	NAN	AXX	C	230	0.00000000	0.00000000	LOWERFARS	FRACTURE	44.00000000	78.00000000	NAN	NAN	68.20610877	22.49484741	NAN	NAN	NAN		PLANE	1.00 0.00 0.67	   	NAN	NAN	NAN	NAN	NAN	NAN	NAN	NAN	NAN	0.86851989	0.35997674	-0.34071973	0.18710217	-0.98234036	-0.00044721	0.00008367	-0.00043932	0.99999990	169.21628080	0.02562345	67.48738679	19.92073026	NORMAL	NAN	NAN	NAN	NAN	NAN	NAN	NAN	NAN	NAN	NAN	NAN	NAN	NAN	NAN	NAN
BZ0090	21	0.17241557	0.26449046	0.94885071	0.51816165	0.79487494	-0.31572509	-0.83772393	0.54609397	0.00000000	NAN	NAN	NAN	NAN	NAN	NAN	NAN	NAN	NAN	NAN	NONE	NAN	NAN	NONE	NONE	NAN	AXX	C	230	0.00000000	0.00000000	LOWERFARS	FRACTURE	31.00000000	78.00000000	NAN	NAN	33.09945324	18.40459224	NAN	NAN	NAN		PLANE	1.00 0.00 0.67	   	NAN	NAN	NAN	NAN	NAN	NAN	NAN	NAN	NAN	0.86851989	0.35997674	-0.34071973	0.18710217	-0.98234036	-0.00044721	0.00008367	-0.00043932	0.99999990	169.21628080	0.02562345	67.48738679	19.92073026	NORMAL	NAN	NAN	NAN	NAN	NAN	NAN	NAN	NAN	NAN	NAN	NAN	NAN	NAN	NAN	NAN
BZ0091	22	-0.58357818	0.77637753	0.23806393	-0.14304143	0.19029867	-0.97124949	-0.79935953	-0.60085302	0.00000000	NAN	NAN	NAN	NAN	NAN	NAN	NAN	NAN	NAN	NAN	NONE	NAN	NAN	NONE	NONE	NAN	AXX	C	230	0.00000000	0.00000000	LOWERFARS	FRACTURE	144.00000000	78.00000000	NAN	NAN	323.06898499	76.22769991	NAN	NAN	NAN		PLANE	1.00 0.00 0.67	   	NAN	NAN	NAN	NAN	NAN	NAN	NAN	NAN	NAN	0.86851989	0.35997674	-0.34071973	0.18710217	-0.98234036	-0.00044721	0.00008367	-0.00043932	0.99999990	169.21628080	0.02562345	67.48738679	19.92073026	NORMAL	NAN	NAN	NAN	NAN	NAN	NAN	NAN	NAN	NAN	NAN	NAN	NAN	NAN	NAN	NAN
BZ0092	23	-0.63952477	0.75285791	0.15560540	-0.10074060	0.11859330	-0.98781930	-0.76214133	-0.64741069	0.00000000	NAN	NAN	NAN	NAN	NAN	NAN	NAN	NAN	NAN	NAN	NONE	NAN	NAN	NONE	NONE	NAN	AXX	C	230	0.00000000	0.00000000	LOWERFARS	FRACTURE	138.00000000	78.00000000	NAN	NAN	319.65333807	81.04809103	NAN	NAN	NAN		PLANE	1.00 0.00 0.67	   	NAN	NAN	NAN	NAN	NAN	NAN	NAN	NAN	NAN	0.86851989	0.35997674	-0.34071973	0.18710217	-0.98234036	-0.00044721	0.00008367	-0.00043932	0.99999990	169.21628080	0.02562345	67.48738679	19.92073026	NORMAL	NAN	NAN	NAN	NAN	NAN	NAN	NAN	NAN	NAN	NAN	NAN	NAN	NAN	NAN	NAN
BZ0093	24	-0.63952477	0.75285791	0.15560540	-0.10074060	0.11859330	-0.98781930	-0.76214133	-0.64741069	0.00000000	NAN	NAN	NAN	NAN	NAN	NAN	NAN	NAN	NAN	NAN	NONE	NAN	NAN	NONE	NONE	NAN	BXX	C	230	0.00000000	0.00000000	LOWERFARS	FRACTURE	138.00000000	78.00000000	NAN	NAN	319.65333807	81.04809103	NAN	NAN	NAN		PLANE	1.00 0.00 0.67	   	NAN	NAN	NAN	NAN	NAN	NAN	NAN	NAN	NAN	0.86851989	0.35997674	-0.34071973	0.18710217	-0.98234036	-0.00044721	0.00008367	-0.00043932	0.99999990	169.21628080	0.02562345	67.48738679	19.92073026	NORMAL	NAN	NAN	NAN	NAN	NAN	NAN	NAN	NAN	NAN	NAN	NAN	NAN	NAN	NAN	NAN
BZ0094	25	-0.63952477	0.75285791	0.15560540	-0.10074060	0.11859330	-0.98781930	-0.76214133	-0.64741069	0.00000000	NAN	NAN	NAN	NAN	NAN	NAN	NAN	NAN	NAN	NAN	NONE	NAN	NAN	NONE	NONE	NAN	BXX	D	230	0.00000000	0.00000000	LOWERFARS	FRACTURE	138.00000000	78.00000000	NAN	NAN	319.65333807	81.04809103	NAN	NAN	NAN		PLANE	1.00 0.00 0.00	   	NAN	NAN	NAN	NAN	NAN	NAN	NAN	NAN	NAN	0.86851989	0.35997674	-0.34071973	0.18710217	-0.98234036	-0.00044721	0.00008367	-0.00043932	0.99999990	169.21628080	0.02562345	67.48738679	19.92073026	NORMAL	NAN	NAN	NAN	NAN	NAN	NAN	NAN	NAN	NAN	NAN	NAN	NAN	NAN	NAN	NAN
BZ0095	26	-0.68006739	0.72824422	0.08466824	-0.05778761	0.06188136	-0.99640920	-0.73086862	-0.68251817	0.00000000	NAN	NAN	NAN	NAN	NAN	NAN	NAN	NAN	NAN	NAN	NONE	NAN	NAN	NONE	NONE	NAN	BXX	D	230	0.00000000	0.00000000	LOWERFARS	FRACTURE	133.00000000	78.00000000	NAN	NAN	316.95926318	85.14305239	NAN	NAN	NAN		PLANE	1.00 0.00 0.00	   	NAN	NAN	NAN	NAN	NAN	NAN	NAN	NAN	NAN	0.86851989	0.35997674	-0.34071973	0.18710217	-0.98234036	-0.00044721	0.00008367	-0.00043932	0.99999990	169.21628080	0.02562345	67.48738679	19.92073026	NORMAL	NAN	NAN	NAN	NAN	NAN	NAN	NAN	NAN	NAN	NAN	NAN	NAN	NAN	NAN	NAN
BZ0096	27	-0.68748202	0.72279166	0.07028995	-0.04844290	0.05093097	-0.99752660	-0.72458385	-0.68918666	0.00000000	NAN	NAN	NAN	NAN	NAN	NAN	NAN	NAN	NAN	NAN	NONE	NAN	NAN	NONE	NONE	NAN	BXX	D	230	0.00000000	0.00000000	LOWERFARS	FRACTURE	132.00000000	78.00000000	NAN	NAN	316.43423993	85.96935858	NAN	NAN	NAN		PLANE	1.00 0.00 0.00	   	NAN	NAN	NAN	NAN	NAN	NAN	NAN	NAN	NAN	0.86851989	0.35997674	-0.34071973	0.18710217	-0.98234036	-0.00044721	0.00008367	-0.00043932	0.99999990	169.21628080	0.02562345	67.48738679	19.92073026	NORMAL	NAN	NAN	NAN	NAN	NAN	NAN	NAN	NAN	NAN	NAN	NAN	NAN	NAN	NAN	NAN
BZ0097	28	0.55908553	-0.06431039	0.82661209	0.82119715	-0.09446052	-0.56277212	0.11427430	0.99344924	0.00000000	NAN	NAN	NAN	NAN	NAN	NAN	NAN	NAN	NAN	NAN	NONE	NAN	NAN	NONE	NONE	NAN	BXX	D	230	0.00000000	0.00000000	LOWERFARS	FRACTURE	62.00000000	77.00000000	NAN	NAN	96.56176961	34.24772583	NAN	NAN	NAN		PLANE	1.00 0.00 0.00	   	NAN	NAN	NAN	NAN	NAN	NAN	NAN	NAN	NAN	0.86851989	0.35997674	-0.34071973	0.18710217	-0.98234036	-0.00044721	0.00008367	-0.00043932	0.99999990	169.21628080	0.02562345	67.48738679	19.92073026	NORMAL	NAN	NAN	NAN	NAN	NAN	NAN	NAN	NAN	NAN	NAN	NAN	NAN	NAN	NAN	NAN
BZ0098	29	0.69707435	-0.27921110	0.66040026	0.61305053	-0.24555561	-0.75091377	0.37182845	0.92830146	0.00000000	NAN	NAN	NAN	NAN	NAN	NAN	NAN	NAN	NAN	NAN	NONE	NAN	NAN	NONE	NONE	NAN	BXX	D	230	0.00000000	0.00000000	LOWERFARS	FRACTURE	80.00000000	76.00000000	NAN	NAN	111.82842689	48.66959374	NAN	NAN	NAN		PLANE	1.00 0.00 0.00	   	NAN	NAN	NAN	NAN	NAN	NAN	NAN	NAN	NAN	0.86851989	0.35997674	-0.34071973	0.18710217	-0.98234036	-0.00044721	0.00008367	-0.00043932	0.99999990	169.21628080	0.02562345	67.48738679	19.92073026	NORMAL	NAN	NAN	NAN	NAN	NAN	NAN	NAN	NAN	NAN	NAN	NAN	NAN	NAN	NAN	NAN
BZ0099	30	0.62374437	-0.16703121	0.76357288	0.73758449	-0.19751622	-0.64572166	0.25867369	0.96596476	0.00000000	NAN	NAN	NAN	NAN	NAN	NAN	NAN	NAN	NAN	NAN	NONE	NAN	NAN	NONE	NONE	NAN	BXX	D	230	0.00000000	0.00000000	LOWERFARS	FRACTURE	70.00000000	76.00000000	NAN	NAN	104.99137833	40.21980449	NAN	NAN	NAN		PLANE	1.00 0.00 0.00	   	NAN	NAN	NAN	NAN	NAN	NAN	NAN	NAN	NAN	0.86851989	0.35997674	-0.34071973	0.18710217	-0.98234036	-0.00044721	0.00008367	-0.00043932	0.99999990	169.21628080	0.02562345	67.48738679	19.92073026	NORMAL	NAN	NAN	NAN	NAN	NAN	NAN	NAN	NAN	NAN	NAN	NAN	NAN	NAN	NAN	NAN
BZ0100	31	0.52829159	-0.05526785	0.84726233	0.84266360	-0.08815625	-0.53117468	0.10404836	0.99457224	0.00000000	NAN	NAN	NAN	NAN	NAN	NAN	NAN	NAN	NAN	NAN	NONE	NAN	NAN	NONE	NONE	NAN	BXX	A	230	0.00000000	0.00000000	LOWERFARS	FRACTURE	60.00000000	76.00000000	NAN	NAN	95.97234110	32.08485751	NAN	NAN	NAN		PLANE	0.00 0.00 0.00	   	NAN	NAN	NAN	NAN	NAN	NAN	NAN	NAN	NAN	0.86851989	0.35997674	-0.34071973	0.18710217	-0.98234036	-0.00044721	0.00008367	-0.00043932	0.99999990	169.21628080	0.02562345	67.48738679	19.92073026	NORMAL	NAN	NAN	NAN	NAN	NAN	NAN	NAN	NAN	NAN	NAN	NAN	NAN	NAN	NAN	NAN
BZ0101	32	0.38867203	0.07352396	0.91843796	0.90243345	0.17071071	-0.39556506	-0.18587071	0.98257421	-0.00000000	NAN	NAN	NAN	NAN	NAN	NAN	NAN	NAN	NAN	NAN	NONE	NAN	NAN	NONE	NONE	NAN	BXX	A	230	0.00000000	0.00000000	LOWERFARS	FRACTURE	48.00000000	76.00000000	NAN	NAN	79.28809928	23.30121996	NAN	NAN	NAN		PLANE	0.00 0.00 0.00	   	NAN	NAN	NAN	NAN	NAN	NAN	NAN	NAN	NAN	0.86851989	0.35997674	-0.34071973	0.18710217	-0.98234036	-0.00044721	0.00008367	-0.00043932	0.99999990	169.21628080	0.02562345	67.48738679	19.92073026	NORMAL	NAN	NAN	NAN	NAN	NAN	NAN	NAN	NAN	NAN	NAN	NAN	NAN	NAN	NAN	NAN
BZ0102	33	0.29684271	0.14386434	0.94402726	0.84951576	0.41171645	-0.32986746	-0.43612772	0.89988478	0.00000000	NAN	NAN	NAN	NAN	NAN	NAN	NAN	NAN	NAN	NAN	NONE	NAN	NAN	NONE	NONE	NAN	BXX	A	230	0.00000000	0.00000000	LOWERFARS	FRACTURE	41.00000000	76.00000000	NAN	NAN	64.14292605	19.26073098	NAN	NAN	NAN		PLANE	0.00 0.00 0.00	   	NAN	NAN	NAN	NAN	NAN	NAN	NAN	NAN	NAN	0.86851989	0.35997674	-0.34071973	0.18710217	-0.98234036	-0.00044721	0.00008367	-0.00043932	0.99999990	169.21628080	0.02562345	67.48738679	19.92073026	NORMAL	NAN	NAN	NAN	NAN	NAN	NAN	NAN	NAN	NAN	NAN	NAN	NAN	NAN	NAN	NAN
BZ0103	34	0.22750501	0.19120320	0.95482082	0.73095430	0.61431964	-0.29718209	-0.64338735	0.76554080	-0.00000000	NAN	NAN	NAN	NAN	NAN	NAN	NAN	NAN	NAN	NAN	NONE	NAN	NAN	NONE	NONE	NAN	BXX	A	230	0.00000000	0.00000000	LOWERFARS	FRACTURE	36.00000000	76.00000000	NAN	NAN	49.95512779	17.28843104	NAN	NAN	NAN		PLANE	0.00 0.00 0.00	   	NAN	NAN	NAN	NAN	NAN	NAN	NAN	NAN	NAN	0.86851989	0.35997674	-0.34071973	0.18710217	-0.98234036	-0.00044721	0.00008367	-0.00043932	0.99999990	169.21628080	0.02562345	67.48738679	19.92073026	NORMAL	NAN	NAN	NAN	NAN	NAN	NAN	NAN	NAN	NAN	NAN	NAN	NAN	NAN	NAN	NAN
BZ0104	35	-0.56350379	0.79680131	0.21810813	-0.12593673	0.17807609	-0.97592461	-0.81645785	-0.57740505	0.00000000	NAN	NAN	NAN	NAN	NAN	NAN	NAN	NAN	NAN	NAN	NONE	NAN	NAN	NONE	NONE	NAN	BXX	A	230	0.00000000	0.00000000	LOWERFARS	FRACTURE	144.00000000	76.00000000	NAN	NAN	324.73176642	77.40206165	NAN	NAN	NAN		PLANE	0.00 0.00 0.00	   	NAN	NAN	NAN	NAN	NAN	NAN	NAN	NAN	NAN	0.86851989	0.35997674	-0.34071973	0.18710217	-0.98234036	-0.00044721	0.00008367	-0.00043932	0.99999990	169.21628080	0.02562345	67.48738679	19.92073026	NORMAL	NAN	NAN	NAN	NAN	NAN	NAN	NAN	NAN	NAN	NAN	NAN	NAN	NAN	NAN	NAN
BZ0105	36	0.62961976	-0.20212766	0.75014890	0.71424579	-0.22929527	-0.66126895	0.30566634	0.95213869	0.00000000	NAN	NAN	NAN	NAN	NAN	NAN	NAN	NAN	NAN	NAN	NONE	NAN	NAN	NONE	NONE	NAN	BXX	A	230	0.00000000	0.00000000	LOWERFARS	FRACTURE	72.00000000	75.00000000	NAN	NAN	107.79825708	41.39672231	NAN	NAN	NAN		PLANE	0.00 0.00 0.00	   	NAN	NAN	NAN	NAN	NAN	NAN	NAN	NAN	NAN	0.86851989	0.35997674	-0.34071973	0.18710217	-0.98234036	-0.00044721	0.00008367	-0.00043932	0.99999990	169.21628080	0.02562345	67.48738679	19.92073026	NORMAL	NAN	NAN	NAN	NAN	NAN	NAN	NAN	NAN	NAN	NAN	NAN	NAN	NAN	NAN	NAN
BZ0106	37	0.42819885	0.01797780	0.90350570	0.90271044	0.03790003	-0.42857608	-0.04194774	0.99911981	0.00000000	NAN	NAN	NAN	NAN	NAN	NAN	NAN	NAN	NAN	NAN	NONE	NAN	NAN	NONE	NONE	NAN	BXX	A	230	0.00000000	0.00000000	LOWERFARS	FRACTURE	52.00000000	75.00000000	NAN	NAN	87.59586592	25.37722859	NAN	NAN	NAN		PLANE	0.00 0.00 0.00	   	NAN	NAN	NAN	NAN	NAN	NAN	NAN	NAN	NAN	0.86851989	0.35997674	-0.34071973	0.18710217	-0.98234036	-0.00044721	0.00008367	-0.00043932	0.99999990	169.21628080	0.02562345	67.48738679	19.92073026	NORMAL	NAN	NAN	NAN	NAN	NAN	NAN	NAN	NAN	NAN	NAN	NAN	NAN	NAN	NAN	NAN
BZ0107	38	0.28774745	0.12977853	0.94887246	0.86496822	0.39011398	-0.31565973	-0.41113427	0.91157480	-0.00000000	NAN	NAN	NAN	NAN	NAN	NAN	NAN	NAN	NAN	NAN	NONE	NAN	NAN	NONE	NONE	NAN	BXX	A	230	0.00000000	0.00000000	LOWERFARS	FRACTURE	41.00000000	75.00000000	NAN	NAN	65.72389220	18.40064540	NAN	NAN	NAN		PLANE	0.00 0.00 0.00	   	NAN	NAN	NAN	NAN	NAN	NAN	NAN	NAN	NAN	0.86851989	0.35997674	-0.34071973	0.18710217	-0.98234036	-0.00044721	0.00008367	-0.00043932	0.99999990	169.21628080	0.02562345	67.48738679	19.92073026	NORMAL	NAN	NAN	NAN	NAN	NAN	NAN	NAN	NAN	NAN	NAN	NAN	NAN	NAN	NAN	NAN
BZ0108	39	-0.65581316	0.75373434	0.04235137	-0.02779953	0.03195035	-0.99910278	-0.75441122	-0.65640210	0.00000000	NAN	NAN	NAN	NAN	NAN	NAN	NAN	NAN	NAN	NAN	NONE	NAN	NAN	NONE	NONE	NAN	BXX	B	230	0.00000000	0.00000000	LOWERFARS	FRACTURE	132.00000000	75.00000000	NAN	NAN	318.97394965	87.57271925	NAN	NAN	NAN		PLANE	0.00 0.00 1.00	   	NAN	NAN	NAN	NAN	NAN	NAN	NAN	NAN	NAN	0.86851989	0.35997674	-0.34071973	0.18710217	-0.98234036	-0.00044721	0.00008367	-0.00043932	0.99999990	169.21628080	0.02562345	67.48738679	19.92073026	NORMAL	NAN	NAN	NAN	NAN	NAN	NAN	NAN	NAN	NAN	NAN	NAN	NAN	NAN	NAN	NAN
BZ0109	40	-0.66975367	0.74245510	0.01380013	-0.00924357	0.01024695	-0.99990477	-0.74252581	-0.66981745	0.00000000	NAN	NAN	NAN	NAN	NAN	NAN	NAN	NAN	NAN	NAN	NONE	NAN	NAN	NONE	NONE	NAN	BXX	B	230	0.00000000	0.00000000	LOWERFARS	FRACTURE	130.00000000	75.00000000	NAN	NAN	317.94702273	89.20928572	NAN	NAN	NAN		PLANE	0.00 0.00 1.00	   	NAN	NAN	NAN	NAN	NAN	NAN	NAN	NAN	NAN	0.86851989	0.35997674	-0.34071973	0.18710217	-0.98234036	-0.00044721	0.00008367	-0.00043932	0.99999990	169.21628080	0.02562345	67.48738679	19.92073026	NORMAL	NAN	NAN	NAN	NAN	NAN	NAN	NAN	NAN	NAN	NAN	NAN	NAN	NAN	NAN	NAN
BZ0110	41	0.63425082	-0.23694232	0.73592407	0.68938888	-0.25754070	-0.67706408	0.34995553	0.93676631	0.00000000	NAN	NAN	NAN	NAN	NAN	NAN	NAN	NAN	NAN	NAN	NONE	NAN	NAN	NONE	NONE	NAN	BXX	B	230	0.00000000	0.00000000	LOWERFARS	FRACTURE	74.00000000	74.00000000	NAN	NAN	110.48459526	42.61464363	NAN	NAN	NAN		PLANE	0.00 0.00 1.00	   	NAN	NAN	NAN	NAN	NAN	NAN	NAN	NAN	NAN	0.86851989	0.35997674	-0.34071973	0.18710217	-0.98234036	-0.00044721	0.00008367	-0.00043932	0.99999990	169.21628080	0.02562345	67.48738679	19.92073026	NORMAL	NAN	NAN	NAN	NAN	NAN	NAN	NAN	NAN	NAN	NAN	NAN	NAN	NAN	NAN	NAN
BZ0111	42	0.60242256	-0.19234774	0.77465438	0.73795139	-0.23562079	-0.63238484	0.30416247	0.95262017	0.00000000	NAN	NAN	NAN	NAN	NAN	NAN	NAN	NAN	NAN	NAN	NONE	NAN	NAN	NONE	NONE	NAN	BXX	B	230	0.00000000	0.00000000	LOWERFARS	FRACTURE	70.00000000	74.00000000	NAN	NAN	107.70778326	39.22629198	NAN	NAN	NAN		PLANE	0.00 0.00 1.00	   	NAN	NAN	NAN	NAN	NAN	NAN	NAN	NAN	NAN	0.86851989	0.35997674	-0.34071973	0.18710217	-0.98234036	-0.00044721	0.00008367	-0.00043932	0.99999990	169.21628080	0.02562345	67.48738679	19.92073026	NORMAL	NAN	NAN	NAN	NAN	NAN	NAN	NAN	NAN	NAN	NAN	NAN	NAN	NAN	NAN	NAN
BZ0112	43	0.54814424	-0.12564776	0.82689209	0.80598840	-0.18475181	-0.56236062	0.22342916	0.97472017	0.00000000	NAN	NAN	NAN	NAN	NAN	NAN	NAN	NAN	NAN	NAN	NONE	NAN	NAN	NONE	NONE	NAN	BXX	B	230	0.00000000	0.00000000	LOWERFARS	FRACTURE	64.00000000	74.00000000	NAN	NAN	102.91052430	34.21920822	NAN	NAN	NAN		PLANE	0.00 0.00 1.00	   	NAN	NAN	NAN	NAN	NAN	NAN	NAN	NAN	NAN	0.86851989	0.35997674	-0.34071973	0.18710217	-0.98234036	-0.00044721	0.00008367	-0.00043932	0.99999990	169.21628080	0.02562345	67.48738679	19.92073026	NORMAL	NAN	NAN	NAN	NAN	NAN	NAN	NAN	NAN	NAN	NAN	NAN	NAN	NAN	NAN	NAN
BZ0113	44	0.48655772	-0.05982737	0.87159754	0.86508236	-0.10637094	-0.49022212	0.12204134	0.99252502	0.00000000	NAN	NAN	NAN	NAN	NAN	NAN	NAN	NAN	NAN	NAN	NONE	NAN	NAN	NONE	NONE	NAN	BXX	B	230	0.00000000	0.00000000	LOWERFARS	FRACTURE	58.00000000	74.00000000	NAN	NAN	97.00992902	29.35518214	NAN	NAN	NAN		PLANE	0.00 0.00 1.00	   	NAN	NAN	NAN	NAN	NAN	NAN	NAN	NAN	NAN	0.86851989	0.35997674	-0.34071973	0.18710217	-0.98234036	-0.00044721	0.00008367	-0.00043932	0.99999990	169.21628080	0.02562345	67.48738679	19.92073026	NORMAL	NAN	NAN	NAN	NAN	NAN	NAN	NAN	NAN	NAN	NAN	NAN	NAN	NAN	NAN	NAN
BZ0114	45	0.29195633	0.10596811	0.95054314	0.89350848	0.32430673	-0.31059256	-0.34118045	0.93999782	0.00000000	NAN	NAN	NAN	NAN	NAN	NAN	NAN	NAN	NAN	NAN	NONE	NAN	NAN	NONE	NONE	NAN	BXX	B	230	0.00000000	0.00000000	LOWERFARS	FRACTURE	42.00000000	74.00000000	NAN	NAN	70.05119046	18.09494457	NAN	NAN	NAN		PLANE	0.00 0.00 1.00	   	NAN	NAN	NAN	NAN	NAN	NAN	NAN	NAN	NAN	0.86851989	0.35997674	-0.34071973	0.18710217	-0.98234036	-0.00044721	0.00008367	-0.00043932	0.99999990	169.21628080	0.02562345	67.48738679	19.92073026	NORMAL	NAN	NAN	NAN	NAN	NAN	NAN	NAN	NAN	NAN	NAN	NAN	NAN	NAN	NAN	NAN
BZ0115	46	0.27856455	0.11565319	0.95342862	0.88055340	0.36558424	-0.30161874	-0.38344165	0.92356510	-0.00000000	NAN	NAN	NAN	NAN	NAN	NAN	NAN	NAN	NAN	NAN	NONE	NAN	NAN	NONE	NONE	NAN	BXX	B	230	0.00000000	0.00000000	LOWERFARS	FRACTURE	41.00000000	74.00000000	NAN	NAN	67.45297000	17.55485451	NAN	NAN	NAN		PLANE	0.00 0.00 1.00	   	NAN	NAN	NAN	NAN	NAN	NAN	NAN	NAN	NAN	0.86851989	0.35997674	-0.34071973	0.18710217	-0.98234036	-0.00044721	0.00008367	-0.00043932	0.99999990	169.21628080	0.02562345	67.48738679	19.92073026	NORMAL	NAN	NAN	NAN	NAN	NAN	NAN	NAN	NAN	NAN	NAN	NAN	NAN	NAN	NAN	NAN
BZ0116	47	0.23767927	0.14410903	0.96059416	0.82140460	0.49803175	-0.27795476	-0.51846219	0.85510056	-0.00000000	NAN	NAN	NAN	NAN	NAN	NAN	NAN	NAN	NAN	NAN	NONE	NAN	NAN	NONE	NONE	NAN	BXX	C	230	0.00000000	0.00000000	LOWERFARS	FRACTURE	38.00000000	74.00000000	NAN	NAN	58.77084561	16.13817644	NAN	NAN	NAN		PLANE	1.00 0.00 0.67	   	NAN	NAN	NAN	NAN	NAN	NAN	NAN	NAN	NAN	0.86851989	0.35997674	-0.34071973	0.18710217	-0.98234036	-0.00044721	0.00008367	-0.00043932	0.99999990	169.21628080	0.02562345	67.48738679	19.92073026	NORMAL	NAN	NAN	NAN	NAN	NAN	NAN	NAN	NAN	NAN	NAN	NAN	NAN	NAN	NAN	NAN
BZ0117	48	-0.65872618	0.75236872	0.00459554	-0.00302724	0.00345758	-0.99998944	-0.75237667	-0.65873314	0.00000000	NAN	NAN	NAN	NAN	NAN	NAN	NAN	NAN	NAN	NAN	NONE	NAN	NAN	NONE	NONE	NAN	BXX	C	230	0.00000000	0.00000000	LOWERFARS	FRACTURE	130.00000000	74.00000000	NAN	NAN	318.79667375	89.73669382	NAN	NAN	NAN		PLANE	1.00 0.00 0.67	   	NAN	NAN	NAN	NAN	NAN	NAN	NAN	NAN	NAN	0.86851989	0.35997674	-0.34071973	0.18710217	-0.98234036	-0.00044721	0.00008367	-0.00043932	0.99999990	169.21628080	0.02562345	67.48738679	19.92073026	NORMAL	NAN	NAN	NAN	NAN	NAN	NAN	NAN	NAN	NAN	NAN	NAN	NAN	NAN	NAN	NAN
BZ0118	49	0.67165197	-0.74047820	0.02399327	0.01611977	-0.01777161	-0.99971212	0.74069143	0.67184538	0.00000000	NAN	NAN	NAN	NAN	NAN	NAN	NAN	NAN	NAN	NAN	NONE	NAN	NAN	NONE	NONE	NAN	BXX	C	230	0.00000000	0.00000000	LOWERFARS	FRACTURE	128.00000000	74.00000000	NAN	NAN	137.79034787	88.62515474	NAN	NAN	NAN		PLANE	1.00 0.00 0.67	   	NAN	NAN	NAN	NAN	NAN	NAN	NAN	NAN	NAN	0.86851989	0.35997674	-0.34071973	0.18710217	-0.98234036	-0.00044721	0.00008367	-0.00043932	0.99999990	169.21628080	0.02562345	67.48738679	19.92073026	NORMAL	NAN	NAN	NAN	NAN	NAN	NAN	NAN	NAN	NAN	NAN	NAN	NAN	NAN	NAN	NAN
BZ0119	50	-0.63369639	0.77322006	0.02365641	-0.01499518	0.01829673	-0.99972015	-0.77343650	-0.63387378	0.00000000	NAN	NAN	NAN	NAN	NAN	NAN	NAN	NAN	NAN	NAN	NONE	NAN	NAN	NONE	NONE	NAN	BXX	C	230	0.00000000	0.00000000	LOWERFARS	FRACTURE	132.00000000	73.00000000	NAN	NAN	320.66349493	88.64446083	NAN	NAN	NAN		PLANE	1.00 0.00 0.67	   	NAN	NAN	NAN	NAN	NAN	NAN	NAN	NAN	NAN	0.86851989	0.35997674	-0.34071973	0.18710217	-0.98234036	-0.00044721	0.00008367	-0.00043932	0.99999990	169.21628080	0.02562345	67.48738679	19.92073026	NORMAL	NAN	NAN	NAN	NAN	NAN	NAN	NAN	NAN	NAN	NAN	NAN	NAN	NAN	NAN	NAN
BZ0120	51	0.65224277	-0.32738550	0.68366520	0.61101433	-0.30669137	-0.72979579	0.44859877	0.89373326	0.00000000	NAN	NAN	NAN	NAN	NAN	NAN	NAN	NAN	NAN	NAN	NONE	NAN	NAN	NONE	NONE	NAN	BXX	C	230	0.00000000	0.00000000	LOWERFARS	FRACTURE	80.00000000	72.00000000	NAN	NAN	116.65381807	46.86927736	NAN	NAN	NAN		PLANE	1.00 0.00 0.67	   	NAN	NAN	NAN	NAN	NAN	NAN	NAN	NAN	NAN	0.86851989	0.35997674	-0.34071973	0.18710217	-0.98234036	-0.00044721	0.00008367	-0.00043932	0.99999990	169.21628080	0.02562345	67.48738679	19.92073026	NORMAL	NAN	NAN	NAN	NAN	NAN	NAN	NAN	NAN	NAN	NAN	NAN	NAN	NAN	NAN	NAN
BZ0121	52	0.61185715	-0.26155107	0.74647295	0.68639013	-0.29341174	-0.66541576	0.39306413	0.91951106	0.00000000	NAN	NAN	NAN	NAN	NAN	NAN	NAN	NAN	NAN	NAN	NONE	NAN	NAN	NONE	NONE	NAN	BXX	C	230	0.00000000	0.00000000	LOWERFARS	FRACTURE	74.00000000	72.00000000	NAN	NAN	113.14529356	41.71422928	NAN	NAN	NAN		PLANE	1.00 0.00 0.67	   	NAN	NAN	NAN	NAN	NAN	NAN	NAN	NAN	NAN	0.86851989	0.35997674	-0.34071973	0.18710217	-0.98234036	-0.00044721	0.00008367	-0.00043932	0.99999990	169.21628080	0.02562345	67.48738679	19.92073026	NORMAL	NAN	NAN	NAN	NAN	NAN	NAN	NAN	NAN	NAN	NAN	NAN	NAN	NAN	NAN	NAN
BZ0122	53	0.58036679	-0.21742992	0.78479209	0.73491013	-0.27532839	-0.61975913	0.35082972	0.93643927	0.00000000	NAN	NAN	NAN	NAN	NAN	NAN	NAN	NAN	NAN	NAN	NONE	NAN	NAN	NONE	NONE	NAN	BXX	C	230	0.00000000	0.00000000	LOWERFARS	FRACTURE	70.00000000	72.00000000	NAN	NAN	110.53807275	38.29854718	NAN	NAN	NAN		PLANE	1.00 0.00 0.67	   	NAN	NAN	NAN	NAN	NAN	NAN	NAN	NAN	NAN	0.86851989	0.35997674	-0.34071973	0.18710217	-0.98234036	-0.00044721	0.00008367	-0.00043932	0.99999990	169.21628080	0.02562345	67.48738679	19.92073026	NORMAL	NAN	NAN	NAN	NAN	NAN	NAN	NAN	NAN	NAN	NAN	NAN	NAN	NAN	NAN	NAN
BZ0123	54	0.50712582	-0.12959866	0.85207253	0.82554143	-0.21097143	-0.52342374	0.24759798	0.96886286	0.00000000	NAN	NAN	NAN	NAN	NAN	NAN	NAN	NAN	NAN	NAN	NONE	NAN	NAN	NONE	NONE	NAN	BXX	C	230	0.00000000	0.00000000	LOWERFARS	FRACTURE	62.00000000	72.00000000	NAN	NAN	104.33541823	31.56219036	NAN	NAN	NAN		PLANE	1.00 0.00 0.67	   	NAN	NAN	NAN	NAN	NAN	NAN	NAN	NAN	NAN	0.86851989	0.35997674	-0.34071973	0.18710217	-0.98234036	-0.00044721	0.00008367	-0.00043932	0.99999990	169.21628080	0.02562345	67.48738679	19.92073026	NORMAL	NAN	NAN	NAN	NAN	NAN	NAN	NAN	NAN	NAN	NAN	NAN	NAN	NAN	NAN	NAN
BZ0124	55	0.46573203	-0.08631645	0.88070605	0.86595918	-0.16049255	-0.47366322	0.18223168	0.98325562	0.00000000	NAN	NAN	NAN	NAN	NAN	NAN	NAN	NAN	NAN	NAN	NONE	NAN	NAN	NONE	NONE	NAN	BXX	C	230	0.00000000	0.00000000	LOWERFARS	FRACTURE	58.00000000	72.00000000	NAN	NAN	100.49977611	28.27234825	NAN	NAN	NAN		PLANE	1.00 0.00 0.67	   	NAN	NAN	NAN	NAN	NAN	NAN	NAN	NAN	NAN	0.86851989	0.35997674	-0.34071973	0.18710217	-0.98234036	-0.00044721	0.00008367	-0.00043932	0.99999990	169.21628080	0.02562345	67.48738679	19.92073026	NORMAL	NAN	NAN	NAN	NAN	NAN	NAN	NAN	NAN	NAN	NAN	NAN	NAN	NAN	NAN	NAN
BZ0125	56	0.46573203	-0.08631645	0.88070605	0.86595918	-0.16049255	-0.47366322	0.18223168	0.98325562	0.00000000	NAN	NAN	NAN	NAN	NAN	NAN	NAN	NAN	NAN	NAN	NONE	NAN	NAN	NONE	NONE	NAN	AXX	D	230	0.00000000	0.00000000	LOWERFARS	FRACTURE	58.00000000	72.00000000	NAN	NAN	100.49977611	28.27234825	NAN	NAN	NAN		PLANE	1.00 0.00 0.00	   	NAN	NAN	NAN	NAN	NAN	NAN	NAN	NAN	NAN	0.86851989	0.35997674	-0.34071973	0.18710217	-0.98234036	-0.00044721	0.00008367	-0.00043932	0.99999990	169.21628080	0.02562345	67.48738679	19.92073026	NORMAL	NAN	NAN	NAN	NAN	NAN	NAN	NAN	NAN	NAN	NAN	NAN	NAN	NAN	NAN	NAN
BZ0126	57	0.43275992	-0.05430553	0.89987208	0.89286959	-0.11204309	-0.43615392	0.12451002	0.99221835	0.00000000	NAN	NAN	NAN	NAN	NAN	NAN	NAN	NAN	NAN	NAN	NONE	NAN	NAN	NONE	NONE	NAN	AXX	D	230	0.00000000	0.00000000	LOWERFARS	FRACTURE	55.00000000	72.00000000	NAN	NAN	97.15246066	25.85874227	NAN	NAN	NAN		PLANE	1.00 0.00 0.00	   	NAN	NAN	NAN	NAN	NAN	NAN	NAN	NAN	NAN	0.86851989	0.35997674	-0.34071973	0.18710217	-0.98234036	-0.00044721	0.00008367	-0.00043932	0.99999990	169.21628080	0.02562345	67.48738679	19.92073026	NORMAL	NAN	NAN	NAN	NAN	NAN	NAN	NAN	NAN	NAN	NAN	NAN	NAN	NAN	NAN	NAN
BZ0127	58	0.32491707	0.03847947	0.94495938	0.93840160	0.11113356	-0.32718767	-0.11760671	0.99306025	0.00000000	NAN	NAN	NAN	NAN	NAN	NAN	NAN	NAN	NAN	NAN	NONE	NAN	NAN	NONE	NONE	NAN	AXX	D	230	0.00000000	0.00000000	LOWERFARS	FRACTURE	46.00000000	72.00000000	NAN	NAN	83.24600096	19.09816709	NAN	NAN	NAN		PLANE	1.00 0.00 0.00	   	NAN	NAN	NAN	NAN	NAN	NAN	NAN	NAN	NAN	0.86851989	0.35997674	-0.34071973	0.18710217	-0.98234036	-0.00044721	0.00008367	-0.00043932	0.99999990	169.21628080	0.02562345	67.48738679	19.92073026	NORMAL	NAN	NAN	NAN	NAN	NAN	NAN	NAN	NAN	NAN	NAN	NAN	NAN	NAN	NAN	NAN
BZ0128	59	0.29932037	0.05827531	0.95237141	0.93481903	0.18200186	-0.30494048	-0.19110387	0.98156982	-0.00000000	NAN	NAN	NAN	NAN	NAN	NAN	NAN	NAN	NAN	NAN	NONE	NAN	NAN	NONE	NONE	NAN	AXX	D	230	0.00000000	0.00000000	LOWERFARS	FRACTURE	44.00000000	72.00000000	NAN	NAN	78.98278831	17.75458323	NAN	NAN	NAN		PLANE	1.00 0.00 0.00	   	NAN	NAN	NAN	NAN	NAN	NAN	NAN	NAN	NAN	0.86851989	0.35997674	-0.34071973	0.18710217	-0.98234036	-0.00044721	0.00008367	-0.00043932	0.99999990	169.21628080	0.02562345	67.48738679	19.92073026	NORMAL	NAN	NAN	NAN	NAN	NAN	NAN	NAN	NAN	NAN	NAN	NAN	NAN	NAN	NAN	NAN
BZ0129	60	0.21949578	0.11545488	0.96875785	0.85738289	0.45098377	-0.24800852	-0.46552786	0.88503323	-0.00000000	NAN	NAN	NAN	NAN	NAN	NAN	NAN	NAN	NAN	NAN	NONE	NAN	NAN	NONE	NONE	NAN	AXX	D	230	0.00000000	0.00000000	LOWERFARS	FRACTURE	38.00000000	72.00000000	NAN	NAN	62.25561048	14.35969791	NAN	NAN	NAN		PLANE	1.00 0.00 0.00	   	NAN	NAN	NAN	NAN	NAN	NAN	NAN	NAN	NAN	0.86851989	0.35997674	-0.34071973	0.18710217	-0.98234036	-0.00044721	0.00008367	-0.00043932	0.99999990	169.21628080	0.02562345	67.48738679	19.92073026	NORMAL	NAN	NAN	NAN	NAN	NAN	NAN	NAN	NAN	NAN	NAN	NAN	NAN	NAN	NAN	NAN
BZ0130	61	-0.62234676	0.78261108	0.01429670	-0.00889842	0.01118990	-0.99989780	-0.78269108	-0.62241038	0.00000000	NAN	NAN	NAN	NAN	NAN	NAN	NAN	NAN	NAN	NAN	NONE	NAN	NAN	NONE	NONE	NAN	AXX	D	230	0.00000000	0.00000000	LOWERFARS	FRACTURE	132.00000000	72.00000000	NAN	NAN	321.50763266	89.18083132	NAN	NAN	NAN		PLANE	1.00 0.00 0.00	   	NAN	NAN	NAN	NAN	NAN	NAN	NAN	NAN	NAN	0.86851989	0.35997674	-0.34071973	0.18710217	-0.98234036	-0.00044721	0.00008367	-0.00043932	0.99999990	169.21628080	0.02562345	67.48738679	19.92073026	NORMAL	NAN	NAN	NAN	NAN	NAN	NAN	NAN	NAN	NAN	NAN	NAN	NAN	NAN	NAN	NAN
BZ0131	62	0.64886123	-0.75974119	0.04210033	0.02734151	-0.03201374	-0.99911339	0.76041538	0.64943703	0.00000000	NAN	NAN	NAN	NAN	NAN	NAN	NAN	NAN	NAN	NAN	NONE	NAN	NAN	NONE	NONE	NAN	AXX	A	230	0.00000000	0.00000000	LOWERFARS	FRACTURE	128.00000000	72.00000000	NAN	NAN	139.50083048	87.58711566	NAN	NAN	NAN		PLANE	0.00 0.00 0.00	   	NAN	NAN	NAN	NAN	NAN	NAN	NAN	NAN	NAN	0.86851989	0.35997674	-0.34071973	0.18710217	-0.98234036	-0.00044721	0.00008367	-0.00043932	0.99999990	169.21628080	0.02562345	67.48738679	19.92073026	NORMAL	NAN	NAN	NAN	NAN	NAN	NAN	NAN	NAN	NAN	NAN	NAN	NAN	NAN	NAN	NAN
BZ0132	63	0.71580325	-0.64379419	0.27047132	0.20109963	-0.18086922	-0.96272803	0.66871865	0.74351554	0.00000000	NAN	NAN	NAN	NAN	NAN	NAN	NAN	NAN	NAN	NAN	NONE	NAN	NAN	NONE	NONE	NAN	AXX	A	230	0.00000000	0.00000000	LOWERFARS	FRACTURE	112.00000000	72.00000000	NAN	NAN	131.96824678	74.30768479	NAN	NAN	NAN		PLANE	0.00 0.00 0.00	   	NAN	NAN	NAN	NAN	NAN	NAN	NAN	NAN	NAN	0.86851989	0.35997674	-0.34071973	0.18710217	-0.98234036	-0.00044721	0.00008367	-0.00043932	0.99999990	169.21628080	0.02562345	67.48738679	19.92073026	NORMAL	NAN	NAN	NAN	NAN	NAN	NAN	NAN	NAN	NAN	NAN	NAN	NAN	NAN	NAN	NAN
BZ0133	64	0.44433891	-0.11270036	0.88874156	0.86146390	-0.21849830	-0.45840859	0.24585133	0.96930755	0.00000000	NAN	NAN	NAN	NAN	NAN	NAN	NAN	NAN	NAN	NAN	NONE	NAN	NAN	NONE	NONE	NAN	AXX	A	230	0.00000000	0.00000000	LOWERFARS	FRACTURE	58.00000000	70.00000000	NAN	NAN	104.23215038	27.28446439	NAN	NAN	NAN		PLANE	0.00 0.00 0.00	   	NAN	NAN	NAN	NAN	NAN	NAN	NAN	NAN	NAN	0.86851989	0.35997674	-0.34071973	0.18710217	-0.98234036	-0.00044721	0.00008367	-0.00043932	0.99999990	169.21628080	0.02562345	67.48738679	19.92073026	NORMAL	NAN	NAN	NAN	NAN	NAN	NAN	NAN	NAN	NAN	NAN	NAN	NAN	NAN	NAN	NAN
BZ0134	65	0.35410330	-0.02946270	0.93474210	0.93152327	-0.07750616	-0.35532689	0.08291716	0.99655644	0.00000000	NAN	NAN	NAN	NAN	NAN	NAN	NAN	NAN	NAN	NAN	NONE	NAN	NAN	NONE	NONE	NAN	AXX	A	230	0.00000000	0.00000000	LOWERFARS	FRACTURE	50.00000000	70.00000000	NAN	NAN	94.75626402	20.81348016	NAN	NAN	NAN		PLANE	0.00 0.00 0.00	   	NAN	NAN	NAN	NAN	NAN	NAN	NAN	NAN	NAN	0.86851989	0.35997674	-0.34071973	0.18710217	-0.98234036	-0.00044721	0.00008367	-0.00043932	0.99999990	169.21628080	0.02562345	67.48738679	19.92073026	NORMAL	NAN	NAN	NAN	NAN	NAN	NAN	NAN	NAN	NAN	NAN	NAN	NAN	NAN	NAN	NAN
BZ0135	66	0.32994577	-0.00927914	0.94395428	0.94358121	-0.02653656	-0.33007622	0.02811212	0.99960478	0.00000000	NAN	NAN	NAN	NAN	NAN	NAN	NAN	NAN	NAN	NAN	NONE	NAN	NAN	NONE	NONE	NAN	AXX	A	230	0.00000000	0.00000000	LOWERFARS	FRACTURE	48.00000000	70.00000000	NAN	NAN	91.61091816	19.27340198	NAN	NAN	NAN		PLANE	0.00 0.00 0.00	   	NAN	NAN	NAN	NAN	NAN	NAN	NAN	NAN	NAN	0.86851989	0.35997674	-0.34071973	0.18710217	-0.98234036	-0.00044721	0.00008367	-0.00043932	0.99999990	169.21628080	0.02562345	67.48738679	19.92073026	NORMAL	NAN	NAN	NAN	NAN	NAN	NAN	NAN	NAN	NAN	NAN	NAN	NAN	NAN	NAN	NAN
