NAME_ID s	iID i	N.X d	N.Y d	N.Z d	D.X d	D.Y d	D.Z d	S.X d	S.Y d	S.Z d	NC.X d	NC.Y d	NC.Z d	DC.X d	DC.Y d	DC.Z d	SC.X d	SC.Y d	SC.Z d	LPITCH  d	LPITCHSENSE s	PITCHANGLE  d	MISFIT d	LINEATION s	OFFSET s	DEPTH d	GC s	COLOR s	LOC s	LOCX d	LOCY d	FORMATION s	DATATYPE s	DIPDIR d	DIP d	LDIR d	LDIP d	corr.DIPDIR d	corr.DIP d	corrL.DIPDIR d	corrL.DIP d	PALEON d	COMMENT s	DATAGROUP s	PSCOLOR s	DASHED s	ptnP.X d	ptnP.Y d	ptnP.Z d	ptnT.X d	ptnT.Y d	ptnT.Z d	ptnN.X d	ptnN.Y d	ptnN.Z d	avD.X d	avD.Y d	avD.Z d	avS0D.X d	avS0D.Y d	avS0D.Z d	avS0N.X d	avS0N.Y d	avS0N.Z d	avS0d.DIPDIR d	avS0d.DIP d	avd.DIPDIR d	avd.DIP d	avS0offset s	TRAJECTORY.X d	TRAJECTORY.Y d	TRAJECTORY.Z d	fold_great_circle_N.X d	fold_great_circle_N.Y d	fold_great_circle_N.Z d	SHEAR_S.X d	SHEAR_S.Y d	SHEAR_S.Z d	NORMAL_S.X d	NORMAL_S.Y d	NORMAL_S.Z d	UPSILON.X d	UPSILON.Y d	UPSILON.Z d	lambda d	ANG d	RUP d
ANG_001	0	0.42402405	-0.76495963	0.48480962	0.23504037	-0.42402405	-0.87461971	0.87461971	0.48480962	0.00000000	0.64992262	-0.56523789	0.50804205	0.38334569	-0.33339586	-0.86133227	0.65623675	0.75455505	-0.00000000	80.00000000	E	80.00000000	NAN	PITCH	NORMAL	NAN	XXA		ANG002	0.00000000	0.00000000		STRIAE	151.00000000	61.00000000	NAN	NAN	151.00000000	61.00000000	131.01349355	59.46650063	30.00000000		STRIAE	0.00 0.00 0.00	   	NAN	NAN	NAN	NAN	NAN	NAN	NAN	NAN	NAN	NAN	NAN	NAN	0.13399615	0.11045790	-0.98480662	0.75990100	0.62641404	0.17365459	50.50000000	79.99962691	NAN	NAN	NORMAL	NAN	NAN	NAN	NAN	NAN	NAN	2.24534933	-6.88335744	-12.82477169	-4.09754565	7.39216802	-4.68494548	-1.91336222	6.59462816	12.07883606	0.86602540	15.35044481	22291.30407514
ANG_002	1	0.67545705	-0.52772488	0.51503807	0.40585554	-0.31708910	-0.85716730	0.61566148	0.78801075	-0.00000000	0.46100149	-0.70714808	0.53611493	0.29278119	-0.44910844	-0.84414500	0.83770926	0.54611647	-0.00000000	80.00000000	S	100.00000000	NAN	PITCH	NORMAL	NAN	XXA		ANG002	0.00000000	0.00000000		STRIAE	128.00000000	59.00000000	NAN	NAN	128.00000000	59.00000000	146.89900763	57.58044546	30.00000000		STRIAE	0.00 0.00 0.00	   	NAN	NAN	NAN	NAN	NAN	NAN	NAN	NAN	NAN	NAN	NAN	NAN	0.13399615	0.11045790	-0.98480662	0.75990100	0.62641404	0.17365459	50.50000000	79.99962691	NAN	NAN	NORMAL	NAN	NAN	NAN	NAN	NAN	NAN	4.73813187	-7.03432725	-13.42152058	-8.20856033	6.41323020	-6.25905245	-4.48457593	6.64538794	12.69046956	0.86602540	0.47938922	26017.78409612
ANG_003	2	-0.13705875	0.97522367	0.17364818	-0.02416716	0.17195825	-0.98480775	-0.99026807	-0.13917310	0.00000000	-0.82796152	0.10944949	0.55000048	-0.54525704	0.07207836	-0.83516434	-0.13105144	-0.99137557	-0.00000000	58.00000000	W	58.00000000	NAN	PITCH	NORMAL	NAN	XXA		ANG002	0.00000000	0.00000000		STRIAE	352.00000000	80.00000000	NAN	NAN	352.00000000	80.00000000	277.53035531	56.63295428	30.00000000		STRIAE	0.00 0.00 0.00	   	NAN	NAN	NAN	NAN	NAN	NAN	NAN	NAN	NAN	NAN	NAN	NAN	0.13399615	0.11045790	-0.98480662	0.75990100	0.62641404	0.17365459	50.50000000	79.99962691	NAN	NAN	NORMAL	NAN	NAN	NAN	NAN	NAN	NAN	-2.51124672	0.70198795	-5.92452865	0.41570974	-2.95792852	-0.52668830	2.03904028	-0.63956627	5.20125511	0.86602540	10.34044158	3651.13827816
ANG_004	3	-0.54498500	0.75010750	0.37460659	-0.22018823	0.30306310	-0.92718385	-0.80901699	-0.58778525	-0.00000000	-0.82573076	0.37506989	0.42129714	-0.38358068	0.17423302	-0.90692266	-0.41356326	-0.91047539	-0.00000000	78.00000000	W	78.00000000	NAN	PITCH	NORMAL	NAN	XXA		ANG002	0.00000000	0.00000000		STRIAE	324.00000000	68.00000000	NAN	NAN	324.00000000	68.00000000	294.42887040	65.08349126	30.00000000		STRIAE	0.00 0.00 0.00	   	NAN	NAN	NAN	NAN	NAN	NAN	NAN	NAN	NAN	NAN	NAN	NAN	0.13399615	0.11045790	-0.98480662	0.75990100	0.62641404	0.17365459	50.50000000	79.99962691	NAN	NAN	NORMAL	NAN	NAN	NAN	NAN	NAN	NAN	-3.31102965	2.54698748	-9.91700613	2.61615636	-3.60083031	-1.79826863	2.97883904	-2.39609726	9.13158806	0.86602540	5.69594438	11316.14201758
ANG_005	4	-0.66214689	0.59619974	0.45399050	-0.33738069	0.30377894	-0.89100652	-0.66913061	-0.74314483	-0.00000000	-0.83384788	0.25352028	0.49033171	-0.46912819	0.14263214	-0.87153589	-0.29088908	-0.95675678	-0.00000000	78.00000000	W	78.00000000	NAN	PITCH	NORMAL	NAN	XXA		ANG002	0.00000000	0.00000000		STRIAE	312.00000000	63.00000000	NAN	NAN	312.00000000	63.00000000	286.91119174	60.63761377	30.00000000		STRIAE	0.00 0.00 0.00	   	NAN	NAN	NAN	NAN	NAN	NAN	NAN	NAN	NAN	NAN	NAN	NAN	0.13399615	0.11045790	-0.98480662	0.75990100	0.62641404	0.17365459	50.50000000	79.99962691	NAN	NAN	NORMAL	NAN	NAN	NAN	NAN	NAN	NAN	-4.48074077	3.35627580	-10.94278251	4.29661652	-3.86869089	-2.94590689	4.07446384	-3.23275274	10.18801029	0.86602540	9.65001979	15108.96780610
ANG_006	5	-0.37437839	-0.92661904	0.03489950	-0.01307358	-0.03235825	-0.99939083	0.92718385	-0.37460659	-0.00000000	-0.81153876	0.27430955	0.51590610	-0.48874123	0.16520022	-0.85664514	-0.32021374	-0.94734532	-0.00000000	59.00000000	W	121.00000000	NAN	PITCH	NORMAL	NAN	XXB		ANG002	0.00000000	0.00000000		STRIAE	202.00000000	88.00000000	NAN	NAN	202.00000000	88.00000000	288.67585167	58.94196051	30.00000000		STRIAE	0.00 0.00 0.00	   	NAN	NAN	NAN	NAN	NAN	NAN	NAN	NAN	NAN	NAN	NAN	NAN	0.13399615	0.11045790	-0.98480662	0.75990100	0.62641404	0.17365459	50.50000000	79.99962691	NAN	NAN	NORMAL	NAN	NAN	NAN	NAN	NAN	NAN	1.82551154	-0.69354998	1.16836824	1.49234027	3.69367180	-0.13911573	-2.24877386	0.83661757	-1.91024469	0.86602540	151.91290153	1086.10527932
ANG_007	6	-0.23663532	0.94909244	0.20791169	-0.05029839	0.20173583	-0.97814760	-0.97029573	-0.24192190	0.00000000	-0.87295257	0.15440531	0.46272325	-0.45565052	0.08059414	-0.88650279	-0.17417352	-0.98471498	-0.00000000	65.00000000	W	65.00000000	NAN	PITCH	NORMAL	NAN	XXA		ANG002	0.00000000	0.00000000		STRIAE	346.00000000	78.00000000	NAN	NAN	346.00000000	78.00000000	280.03056574	62.43702594	30.00000000		STRIAE	0.00 0.00 0.00	   	NAN	NAN	NAN	NAN	NAN	NAN	NAN	NAN	NAN	NAN	NAN	NAN	0.13399615	0.11045790	-0.98480662	0.75990100	0.62641404	0.17365459	50.50000000	79.99962691	NAN	NAN	NORMAL	NAN	NAN	NAN	NAN	NAN	NAN	-2.47238478	0.83558156	-6.62828386	0.71155114	-2.85387574	-0.62518055	2.07777985	-0.76578499	5.86054993	0.86602540	7.03805708	4532.15818433
ANG_008	7	-0.57948410	0.64358230	0.50000000	-0.33456530	0.37157241	-0.86602540	-0.74314483	-0.66913061	0.00000000	-0.74898497	0.40792922	0.52212572	-0.45852825	0.24973408	-0.85286853	-0.47830259	-0.87819510	-0.00000000	80.00000000	W	80.00000000	NAN	PITCH	NORMAL	NAN	XXA		ANG002	0.00000000	0.00000000		STRIAE	318.00000000	60.00000000	NAN	NAN	318.00000000	60.00000000	298.57459985	58.52505111	30.00000000		STRIAE	0.00 0.00 0.00	   	NAN	NAN	NAN	NAN	NAN	NAN	NAN	NAN	NAN	NAN	NAN	NAN	0.13399615	0.11045790	-0.98480662	0.75990100	0.62641404	0.17365459	50.50000000	79.99962691	NAN	NAN	NORMAL	NAN	NAN	NAN	NAN	NAN	NAN	-5.41690562	4.30415868	-11.81818205	4.63575188	-5.14852406	-3.99989564	5.01980851	-4.08788262	11.07957624	0.86602540	5.20176895	19014.02322402
ANG_009	8	0.16688531	-0.85855048	0.48480962	0.09250604	-0.47590230	-0.87461971	0.98162718	0.19080900	0.00000000	0.28704027	-0.82392066	0.48863344	0.16075555	-0.46143287	-0.87248918	0.94433338	0.32899007	-0.00000000	86.00000000	E	86.00000000	NAN	PITCH	NORMAL	NAN	XXA		ANG002	0.00000000	0.00000000		STRIAE	169.00000000	61.00000000	NAN	NAN	169.00000000	61.00000000	160.79251180	60.74919917	30.00000000		STRIAE	0.00 0.00 0.00	   	NAN	NAN	NAN	NAN	NAN	NAN	NAN	NAN	NAN	NAN	NAN	NAN	0.13399615	0.11045790	-0.98480662	0.75990100	0.62641404	0.17365459	50.50000000	79.99962691	NAN	NAN	NORMAL	NAN	NAN	NAN	NAN	NAN	NAN	0.91673707	-6.62258870	-12.04352474	-1.53450989	7.89436902	-4.45782297	-0.77751868	6.22297612	11.28792695	0.86602540	5.51320173	19254.31529855
ANG_010	9	0.29710050	-0.77397325	0.55919290	0.20039681	-0.52205155	-0.82903757	0.93358043	0.35836795	0.00000000	0.34455236	-0.75349177	0.55994091	0.23285622	-0.50922667	-0.82853255	0.90942930	0.41585857	-0.00000000	88.00000000	E	88.00000000	NAN	PITCH	NORMAL	NAN	XXA		ANG002	0.00000000	0.00000000		STRIAE	159.00000000	56.00000000	NAN	NAN	159.00000000	56.00000000	155.42660371	55.94828871	30.00000000		STRIAE	0.00 0.00 0.00	   	NAN	NAN	NAN	NAN	NAN	NAN	NAN	NAN	NAN	NAN	NAN	NAN	0.13399615	0.11045790	-0.98480662	0.75990100	0.62641404	0.17365459	50.50000000	79.99962691	NAN	NAN	NORMAL	NAN	NAN	NAN	NAN	NAN	NAN	1.97939782	-8.56464844	-12.90590209	-3.56513480	9.28749367	-6.71018094	-1.77773841	8.12364520	12.18837185	0.86602540	6.48607406	25139.02857409
ANG_011	10	-0.59136773	0.73027833	0.34202014	-0.21524025	0.26579957	-0.93969262	-0.77714596	-0.62932039	0.00000000	-0.87630416	0.04133791	0.47998145	-0.47944829	0.02261702	-0.87727864	-0.04712061	-0.99888921	-0.00000000	69.00000000	W	69.00000000	NAN	PITCH	NORMAL	NAN	XXA		ANG002	0.00000000	0.00000000		STRIAE	321.00000000	70.00000000	NAN	NAN	321.00000000	70.00000000	272.70081240	61.31580954	30.00000000		STRIAE	0.00 0.00 0.00	   	NAN	NAN	NAN	NAN	NAN	NAN	NAN	NAN	NAN	NAN	NAN	NAN	0.13399615	0.11045790	-0.98480662	0.75990100	0.62641404	0.17365459	50.50000000	79.99962691	NAN	NAN	NORMAL	NAN	NAN	NAN	NAN	NAN	NAN	-2.71101236	2.03841461	-9.03986297	2.36123180	-2.91587844	-1.36562887	2.29579796	-2.01882770	8.28011739	0.86602540	16.10408150	8995.89055384
ANG_012	11	-0.60365126	0.47162405	0.64278761	-0.50652355	0.39573957	-0.76604444	-0.61566148	-0.78801075	0.00000000	-0.54776754	0.53284083	0.64500494	-0.46234331	0.44974442	-0.76417840	-0.69727282	-0.71680584	-0.00000000	86.00000000	N	94.00000000	NAN	PITCH	NORMAL	NAN	XXA		ANG002	0.00000000	0.00000000		STRIAE	308.00000000	50.00000000	NAN	NAN	308.00000000	50.00000000	314.20860967	49.83395389	30.00000000		STRIAE	0.00 0.00 0.00	   	NAN	NAN	NAN	NAN	NAN	NAN	NAN	NAN	NAN	NAN	NAN	NAN	0.13399615	0.11045790	-0.98480662	0.75990100	0.62641404	0.17365459	50.50000000	79.99962691	NAN	NAN	NORMAL	NAN	NAN	NAN	NAN	NAN	NAN	-8.62953452	5.57565488	-12.19507378	7.79445405	-6.08969492	-8.29978968	8.22913347	-5.18616479	11.53327588	0.86602540	7.30459567	26284.60949290
ANG_013	12	-0.38857298	0.67302814	0.62932039	-0.31466020	0.54500745	-0.77714596	-0.86602540	-0.50000000	-0.00000000	-0.55941772	0.51867022	0.64655473	-0.47412444	0.43958963	-0.76286760	-0.67989546	-0.73330905	-0.00000000	79.00000000	W	79.00000000	NAN	PITCH	NORMAL	NAN	XXA		ANG002	0.00000000	0.00000000		STRIAE	330.00000000	51.00000000	NAN	NAN	330.00000000	51.00000000	312.83547427	49.71765565	30.00000000		STRIAE	0.00 0.00 0.00	   	NAN	NAN	NAN	NAN	NAN	NAN	NAN	NAN	NAN	NAN	NAN	NAN	0.13399615	0.11045790	-0.98480662	0.75990100	0.62641404	0.17365459	50.50000000	79.99962691	NAN	NAN	NORMAL	NAN	NAN	NAN	NAN	NAN	NAN	-7.27212842	7.56154822	-12.57688055	5.19631885	-9.00028825	-8.41579206	6.86152461	-7.18085244	11.91621783	0.86602540	2.15938585	27786.87645602
ANG_014	13	-0.13812343	0.87207704	0.46947156	-0.07344153	0.46369159	-0.88294759	-0.98768834	-0.15643447	-0.00000000	-0.49574557	0.70312366	0.50975823	-0.29374076	0.41661711	-0.86031770	-0.81728373	-0.57623546	-0.00000000	77.00000000	W	77.00000000	NAN	PITCH	NORMAL	NAN	XXA		ANG002	0.00000000	0.00000000		STRIAE	351.00000000	62.00000000	NAN	NAN	351.00000000	62.00000000	324.81380199	59.35227333	30.00000000		STRIAE	0.00 0.00 0.00	   	NAN	NAN	NAN	NAN	NAN	NAN	NAN	NAN	NAN	NAN	NAN	NAN	0.13399615	0.11045790	-0.98480662	0.75990100	0.62641404	0.17365459	50.50000000	79.99962691	NAN	NAN	NORMAL	NAN	NAN	NAN	NAN	NAN	NAN	-4.22595456	5.87870035	-12.16342677	1.29370970	-8.16816160	-4.39722571	3.97156760	-5.51789935	11.41836978	0.86602540	0.29134240	20391.98044794
ANG_015	14	-0.46789094	0.74878203	0.46947156	-0.24878203	0.39813447	-0.88294759	-0.84804810	-0.52991926	-0.00000000	-0.61677724	0.62503141	0.47845750	-0.33606434	0.34056180	-0.87811071	-0.71179112	-0.70239120	-0.00000000	84.00000000	W	84.00000000	NAN	PITCH	NORMAL	NAN	XXA		ANG002	0.00000000	0.00000000		STRIAE	328.00000000	62.00000000	NAN	NAN	328.00000000	62.00000000	315.38083325	61.41529303	30.00000000		STRIAE	0.00 0.00 0.00	   	NAN	NAN	NAN	NAN	NAN	NAN	NAN	NAN	NAN	NAN	NAN	NAN	0.13399615	0.11045790	-0.98480662	0.75990100	0.62641404	0.17365459	50.50000000	79.99962691	NAN	NAN	NORMAL	NAN	NAN	NAN	NAN	NAN	NAN	-4.85797808	4.32314010	-11.73679933	3.51562477	-5.62617571	-3.52750122	4.56693783	-4.02820493	10.97633315	0.86602540	1.83386126	18193.83643856
ANG_016	15	-0.70758221	0.51408857	0.48480962	-0.39221922	0.28496394	-0.87461971	-0.58778525	-0.80901699	-0.00000000	-0.83839234	0.10399685	0.53505415	-0.53098469	0.06586503	-0.84481776	-0.12309974	-0.99239430	-0.00000000	75.00000000	S	75.00000000	NAN	PITCH	NORMAL	NAN	XXA		ANG002	0.00000000	0.00000000		STRIAE	306.00000000	61.00000000	NAN	NAN	306.00000000	61.00000000	277.07103146	57.65241598	30.00000000		STRIAE	0.00 0.00 0.00	   	NAN	NAN	NAN	NAN	NAN	NAN	NAN	NAN	NAN	NAN	NAN	NAN	0.13399615	0.11045790	-0.98480662	0.75990100	0.62641404	0.17365459	50.50000000	79.99962691	NAN	NAN	NORMAL	NAN	NAN	NAN	NAN	NAN	NAN	-5.10646500	3.50610574	-11.17076150	5.16696741	-3.75402156	-3.54021834	4.64661876	-3.44906495	10.43912785	0.86602540	14.25982594	16450.15316130
ANG_017	16	0.70062927	-0.50903696	0.50000000	0.40450850	-0.29389263	-0.86602540	0.58778525	0.80901699	0.00000000	0.38796329	-0.74537898	0.54212051	0.25029474	-0.48088168	-0.84030075	0.88703834	0.46169576	-0.00000000	76.00000000	S	104.00000000	NAN	PITCH	NORMAL	NAN	XXA		ANG002	0.00000000	0.00000000		STRIAE	126.00000000	60.00000000	NAN	NAN	126.00000000	60.00000000	152.50341389	57.17189152	30.00000000		STRIAE	0.00 0.00 0.00	   	NAN	NAN	NAN	NAN	NAN	NAN	NAN	NAN	NAN	NAN	NAN	NAN	0.13399615	0.11045790	-0.98480662	0.75990100	0.62641404	0.17365459	50.50000000	79.99962691	NAN	NAN	NORMAL	NAN	NAN	NAN	NAN	NAN	NAN	4.68795642	-6.69501613	-13.38506029	-8.24538869	5.99062554	-5.88427364	-4.47119481	6.27856038	12.65733849	0.86602540	4.23167683	25359.54721759
ANG_018	17	0.69244212	-0.56072857	0.45399050	0.35281688	-0.28570548	-0.89100652	0.62932039	0.77714596	-0.00000000	0.57164231	-0.67903401	0.46058428	0.29662542	-0.35235102	-0.88761598	0.76500877	0.64401986	-0.00000000	85.00000000	S	95.00000000	NAN	PITCH	NORMAL	NAN	XXA		ANG002	0.00000000	0.00000000		STRIAE	129.00000000	63.00000000	NAN	NAN	129.00000000	63.00000000	139.90777264	62.57518346	30.00000000		STRIAE	0.00 0.00 0.00	   	NAN	NAN	NAN	NAN	NAN	NAN	NAN	NAN	NAN	NAN	NAN	NAN	0.13399615	0.11045790	-0.98480662	0.75990100	0.62641404	0.17365459	50.50000000	79.99962691	NAN	NAN	NORMAL	NAN	NAN	NAN	NAN	NAN	NAN	3.63950967	-6.09804918	-13.08287337	-6.89204775	5.58107023	-4.51867976	-3.38262452	5.79290425	12.31417539	0.86602540	4.46781958	22705.89325741
ANG_019	18	0.32528049	-0.89370079	0.30901699	0.10569004	-0.29038099	-0.95105652	0.93969262	0.34202014	-0.00000000	0.83115550	-0.16511560	0.53095892	0.52078203	-0.10345746	-0.84739756	0.19485022	0.98083301	-0.00000000	63.00000000	E	63.00000000	NAN	PITCH	NORMAL	NAN	XXA		ANG002	0.00000000	0.00000000		STRIAE	160.00000000	72.00000000	NAN	NAN	160.00000000	72.00000000	101.23597377	57.92973195	30.00000000		STRIAE	0.00 0.00 0.00	   	NAN	NAN	NAN	NAN	NAN	NAN	NAN	NAN	NAN	NAN	NAN	NAN	0.13399615	0.11045790	-0.98480662	0.75990100	0.62641404	0.17365459	50.50000000	79.99962691	NAN	NAN	NORMAL	NAN	NAN	NAN	NAN	NAN	NAN	0.95162742	-2.94869423	-9.52956067	-1.50926739	4.14667807	-1.43380649	-0.50061694	2.85909745	8.79569285	0.86602540	27.65341730	9906.09143258
ANG_020	19	0.50259761	-0.62065636	0.60181502	0.37873447	-0.46769811	-0.79863551	0.77714596	0.62932039	-0.00000000	0.52030106	-0.60573197	0.60197641	0.39223985	-0.45664373	-0.79851387	0.75857413	0.65158675	-0.00000000	89.00000000	E	89.00000000	NAN	PITCH	NORMAL	NAN	XXA		ANG002	0.00000000	0.00000000		STRIAE	141.00000000	53.00000000	NAN	NAN	141.00000000	53.00000000	139.33865686	52.98842120	30.00000000		STRIAE	0.00 0.00 0.00	   	NAN	NAN	NAN	NAN	NAN	NAN	NAN	NAN	NAN	NAN	NAN	NAN	0.13399615	0.11045790	-0.98480662	0.75990100	0.62641404	0.17365459	50.50000000	79.99962691	NAN	NAN	NORMAL	NAN	NAN	NAN	NAN	NAN	NAN	4.44961483	-9.18022266	-13.18366786	-7.33741723	9.06095568	-8.78589118	-4.10992516	8.78475759	12.49213456	0.86602540	8.99758162	28881.00921143
ANG_021	20	-0.71791667	0.13954886	0.68199836	-0.66946813	0.13013142	-0.73135370	-0.19080900	-0.98162718	0.00000000	-0.64018875	0.32490416	0.69612905	-0.62076004	0.31504384	-0.71791667	-0.45256528	-0.89173127	-0.00000000	79.00000000	N	101.00000000	NAN	PITCH	NORMAL	NAN	XXA		ANG002	0.00000000	0.00000000		STRIAE	281.00000000	47.00000000	NAN	NAN	281.00000000	47.00000000	296.90838925	45.88274399	30.00000000		STRIAE	0.00 0.00 0.00	   	NAN	NAN	NAN	NAN	NAN	NAN	NAN	NAN	NAN	NAN	NAN	NAN	0.13399615	0.11045790	-0.98480662	0.75990100	0.62641404	0.17365459	50.50000000	79.99962691	NAN	NAN	NORMAL	NAN	NAN	NAN	NAN	NAN	NAN	-10.20440560	2.51198648	-11.25583028	10.38259254	-2.01817155	-9.86313780	9.66681163	-2.23915052	10.63409620	0.86602540	9.06954601	24427.11764445
ANG_022	21	-0.36418692	0.60610881	0.70710678	-0.36418692	0.60610881	-0.70710678	-0.85716730	-0.51503808	0.00000000	-0.57457998	0.30581438	0.75916758	-0.67015777	0.35668469	-0.65089522	-0.46983658	-0.88275342	-0.00000000	67.00000000	W	67.00000000	NAN	PITCH	NORMAL	NAN	XXA		ANG002	0.00000000	0.00000000		STRIAE	329.00000000	45.00000000	NAN	NAN	329.00000000	45.00000000	298.02368882	40.60913198	30.00000000		STRIAE	0.00 0.00 0.00	   	NAN	NAN	NAN	NAN	NAN	NAN	NAN	NAN	NAN	NAN	NAN	NAN	0.13399615	0.11045790	-0.98480662	0.75990100	0.62641404	0.17365459	50.50000000	79.99962691	NAN	NAN	NORMAL	NAN	NAN	NAN	NAN	NAN	NAN	-8.41875623	8.76011060	-11.84486036	6.10604962	-10.16217310	-11.85553053	7.83838258	-8.45121259	11.28116856	0.86602540	13.82867989	30036.99414240
ANG_023	22	-0.39098036	-0.87815626	0.27563736	-0.11211181	-0.25180725	-0.96126170	0.91354546	-0.40673664	0.00000000	-0.87011171	-0.11859185	0.47837390	-0.47399165	-0.06460268	-0.87815626	0.13504641	-0.99083927	-0.00000000	66.00000000	W	114.00000000	NAN	PITCH	NORMAL	NAN	XXA		ANG002	0.00000000	0.00000000		STRIAE	204.00000000	74.00000000	NAN	NAN	204.00000000	74.00000000	262.23869661	61.42074726	30.00000000		STRIAE	0.00 0.00 0.00	   	NAN	NAN	NAN	NAN	NAN	NAN	NAN	NAN	NAN	NAN	NAN	NAN	0.13399615	0.11045790	-0.98480662	0.75990100	0.62641404	0.17365459	50.50000000	79.99962691	NAN	NAN	NORMAL	NAN	NAN	NAN	NAN	NAN	NAN	0.34947304	-1.97820192	-5.80666323	2.07549371	4.66163519	-1.46320292	-0.75996185	1.92225436	5.04615761	0.86602540	34.53938005	3433.65336829
ANG_024	23	-0.59619974	0.30377894	0.74314483	-0.66214689	0.33738069	-0.66913061	-0.45399050	-0.89100652	-0.00000000	-0.58881243	0.31764653	0.74323657	-0.65412281	0.35287951	-0.66902869	-0.47478761	-0.88010041	-0.00000000	89.00000000	N	91.00000000	NAN	PITCH	NORMAL	NAN	XXA		ANG002	0.00000000	0.00000000		STRIAE	297.00000000	42.00000000	NAN	NAN	297.00000000	42.00000000	298.34552197	41.99214318	30.00000000		STRIAE	0.00 0.00 0.00	   	NAN	NAN	NAN	NAN	NAN	NAN	NAN	NAN	NAN	NAN	NAN	NAN	0.13399615	0.11045790	-0.98480662	0.75990100	0.62641404	0.17365459	50.50000000	79.99962691	NAN	NAN	NORMAL	NAN	NAN	NAN	NAN	NAN	NAN	-11.15821830	5.02166687	-11.00458908	10.28423814	-5.24008106	-12.81898984	10.59173133	-4.71606424	10.42519324	0.86602540	3.05941800	28072.00429799
ANG_025	24	-0.67070549	0.48729606	0.55919290	-0.45239656	0.32868534	-0.82903757	-0.58778525	-0.80901699	0.00000000	-0.62145600	0.54700382	0.56087366	-0.42101427	0.37057557	-0.82790141	-0.66071130	-0.75064011	-0.00000000	87.00000000	N	93.00000000	NAN	PITCH	NORMAL	NAN	XXA		ANG002	0.00000000	0.00000000		STRIAE	306.00000000	56.00000000	NAN	NAN	306.00000000	56.00000000	311.35414351	55.88376126	30.00000000		STRIAE	0.00 0.00 0.00	   	NAN	NAN	NAN	NAN	NAN	NAN	NAN	NAN	NAN	NAN	NAN	NAN	0.13399615	0.11045790	-0.98480662	0.75990100	0.62641404	0.17365459	50.50000000	79.99962691	NAN	NAN	NORMAL	NAN	NAN	NAN	NAN	NAN	NAN	-6.79265435	4.38686592	-11.97006071	6.49437951	-4.71844290	-5.41461344	6.42804530	-4.06593806	11.25307706	0.86602540	4.75966093	21302.30373621
ANG_026	25	0.75722776	-0.61319095	0.22495105	0.17481980	-0.14156629	-0.97437006	0.62932039	0.77714596	-0.00000000	-0.30350543	-0.68191898	0.66548550	-0.27059961	-0.60798586	-0.74641077	0.91359745	-0.40661984	-0.00000000	50.00000000	S	130.00000000	NAN	PITCH	NORMAL	NAN	XXA		ANG002	0.00000000	0.00000000		STRIAE	129.00000000	77.00000000	NAN	NAN	129.00000000	77.00000000	203.99267468	48.28041723	30.00000000		STRIAE	0.00 0.00 0.00	   	NAN	NAN	NAN	NAN	NAN	NAN	NAN	NAN	NAN	NAN	NAN	NAN	0.13399615	0.11045790	-0.98480662	0.75990100	0.62641404	0.17365459	50.50000000	79.99962691	NAN	NAN	NORMAL	NAN	NAN	NAN	NAN	NAN	NAN	0.43767440	-2.75224053	-8.97558890	-3.02555712	2.45004785	-0.89880786	-0.67202054	2.22570932	8.32917821	0.86602540	28.56382087	8634.92028029
ANG_027	26	0.45046245	-0.74969541	0.48480962	0.24969541	-0.41556295	-0.87461971	0.85716730	0.51503807	0.00000000	-0.22115847	-0.73989779	0.63532683	-0.18194771	-0.60871604	-0.77224337	0.95811480	-0.28638442	-0.00000000	62.00000000	W	118.00000000	NAN	PITCH	NORMAL	NAN	XXA		ANG002	0.00000000	0.00000000		STRIAE	149.00000000	61.00000000	NAN	NAN	149.00000000	61.00000000	196.64161991	50.55577071	30.00000000		STRIAE	0.00 0.00 0.00	   	NAN	NAN	NAN	NAN	NAN	NAN	NAN	NAN	NAN	NAN	NAN	NAN	0.13399615	0.11045790	-0.98480662	0.75990100	0.62641404	0.17365459	50.50000000	79.99962691	NAN	NAN	NORMAL	NAN	NAN	NAN	NAN	NAN	NAN	2.40157838	-6.89360751	-12.89150741	-4.39243804	7.31024451	-4.72735567	-2.55914972	6.36644395	12.22272504	0.86602540	22.22029161	22687.07850861
ANG_028	27	-0.29004953	0.79690454	0.52991926	-0.18124306	0.49796122	-0.84804810	-0.93969262	-0.34202014	0.00000000	0.11934429	0.80641286	0.57918497	0.08479238	0.57294458	-0.81519615	-0.98922555	0.14639947	0.00000000	74.00000000	E	106.00000000	NAN	PITCH	NORMAL	NAN	XXA		ANG002	0.00000000	0.00000000		STRIAE	340.00000000	58.00000000	NAN	NAN	340.00000000	58.00000000	8.41832800	54.60676149	30.00000000		STRIAE	0.00 0.00 0.00	   	NAN	NAN	NAN	NAN	NAN	NAN	NAN	NAN	NAN	NAN	NAN	NAN	0.13399615	0.11045790	-0.98480662	0.75990100	0.62641404	0.17365459	50.50000000	79.99962691	NAN	NAN	NORMAL	NAN	NAN	NAN	NAN	NAN	NAN	-5.37627161	6.39083019	-12.55335876	2.99901561	-8.23972768	-5.47918881	5.44970396	-5.89464563	11.84737818	0.86602540	26.95861856	23649.01644759
ANG_029	28	0.41790046	-0.82017583	0.39073113	0.17738822	-0.34814398	-0.92050485	0.89100652	0.45399050	-0.00000000	0.07820613	-0.90580206	0.41642098	0.03582015	-0.41487752	-0.90917191	0.99629349	0.08601908	-0.00000000	81.00000000	W	99.00000000	NAN	PITCH	NORMAL	NAN	XXA		ANG002	0.00000000	0.00000000		STRIAE	153.00000000	67.00000000	NAN	NAN	153.00000000	67.00000000	175.06537176	65.39116547	30.00000000		STRIAE	0.00 0.00 0.00	   	NAN	NAN	NAN	NAN	NAN	NAN	NAN	NAN	NAN	NAN	NAN	NAN	0.13399615	0.11045790	-0.98480662	0.75990100	0.62641404	0.17365459	50.50000000	79.99962691	NAN	NAN	NORMAL	NAN	NAN	NAN	NAN	NAN	NAN	1.43618046	-4.77362053	-11.55625524	-2.81294348	5.52071242	-2.63006311	-1.40515930	4.41432606	10.76888927	0.86602540	4.95616193	15869.01755801
ANG_030	29	0.73443119	-0.42402405	0.52991926	0.45892354	-0.26495963	-0.84804810	0.50000000	0.86602540	-0.00000000	0.12858639	-0.70759694	0.69481804	0.12422961	-0.68362206	-0.71918557	0.98388645	0.17879445	-0.00000000	58.00000000	S	122.00000000	NAN	PITCH	NORMAL	NAN	XXA		ANG002	0.00000000	0.00000000		STRIAE	120.00000000	58.00000000	NAN	NAN	120.00000000	58.00000000	169.70045246	45.98728075	30.00000000		STRIAE	0.00 0.00 0.00	   	NAN	NAN	NAN	NAN	NAN	NAN	NAN	NAN	NAN	NAN	NAN	NAN	0.13399615	0.11045790	-0.98480662	0.75990100	0.62641404	0.17365459	50.50000000	79.99962691	NAN	NAN	NORMAL	NAN	NAN	NAN	NAN	NAN	NAN	5.83349932	-6.67517383	-13.42607937	-9.81132381	5.66457044	-7.07923292	-5.72591332	6.08313977	12.80324640	0.86602540	21.74553193	26986.94404248
ANG_031	30	0.79172110	-0.49472225	0.35836795	0.30391326	-0.18990608	-0.93358043	0.52991926	0.84804810	0.00000000	0.88309053	-0.29172411	0.36748899	0.34894228	-0.11527117	-0.93002787	0.31367244	0.94953125	-0.00000000	85.00000000	N	85.00000000	NAN	PITCH	NORMAL	NAN	XXA		ANG002	0.00000000	0.00000000		STRIAE	122.00000000	69.00000000	NAN	NAN	122.00000000	69.00000000	108.28068876	68.43916000	30.00000000		STRIAE	0.00 0.00 0.00	   	NAN	NAN	NAN	NAN	NAN	NAN	NAN	NAN	NAN	NAN	NAN	NAN	0.13399615	0.11045790	-0.98480662	0.75990100	0.62641404	0.17365459	50.50000000	79.99962691	NAN	NAN	NORMAL	NAN	NAN	NAN	NAN	NAN	NAN	2.57851236	-4.55863431	-11.98968962	-6.02857774	3.76707347	-2.72880063	-2.27631948	4.45880655	11.18426186	0.86602540	16.01362936	17337.86317206
ANG_032	31	0.65164092	-0.60766499	0.45399050	0.33202763	-0.30962078	-0.89100652	0.68199836	0.73135370	0.00000000	0.49506605	-0.73493401	0.46344536	0.25892051	-0.38437192	-0.88612550	0.82937915	0.55868616	-0.00000000	84.00000000	S	96.00000000	NAN	PITCH	NORMAL	NAN	XXA		ANG002	0.00000000	0.00000000		STRIAE	133.00000000	63.00000000	NAN	NAN	133.00000000	63.00000000	146.03501436	62.39034516	30.00000000		STRIAE	0.00 0.00 0.00	   	NAN	NAN	NAN	NAN	NAN	NAN	NAN	NAN	NAN	NAN	NAN	NAN	0.13399615	0.11045790	-0.98480662	0.75990100	0.62641404	0.17365459	50.50000000	79.99962691	NAN	NAN	NORMAL	NAN	NAN	NAN	NAN	NAN	NAN	3.30455869	-6.18750174	-13.02519290	-6.29443795	5.86965835	-4.38526026	-3.08032695	5.85462589	12.25778571	0.86602540	2.83246682	22403.31151689
ANG_033	32	0.84031395	-0.39184483	0.37460659	0.33950887	-0.15831559	-0.92718385	0.42261826	0.90630779	0.00000000	0.88528509	-0.27126652	0.37773639	0.36116172	-0.11066614	-0.92591318	0.29297187	0.95612106	-0.00000000	87.00000000	N	87.00000000	NAN	PITCH	NORMAL	NAN	XXA		ANG002	0.00000000	0.00000000		STRIAE	115.00000000	68.00000000	NAN	NAN	115.00000000	68.00000000	107.03596157	67.80646023	30.00000000		STRIAE	0.00 0.00 0.00	   	NAN	NAN	NAN	NAN	NAN	NAN	NAN	NAN	NAN	NAN	NAN	NAN	0.13399615	0.11045790	-0.98480662	0.75990100	0.62641404	0.17365459	50.50000000	79.99962691	NAN	NAN	NORMAL	NAN	NAN	NAN	NAN	NAN	NAN	3.36252205	-4.55402272	-12.30636223	-7.28114235	3.39525244	-3.24588678	-3.04974683	4.45818303	11.50449789	0.86602540	14.52442699	18651.85740994
ANG_034	33	0.24194429	-0.70265724	0.66913061	0.21784762	-0.63267542	-0.74314483	0.94551858	0.32556815	-0.00000000	0.32973969	-0.66282796	0.67225801	0.29942601	-0.60189276	-0.74031694	0.89532999	0.44540341	-0.00000000	85.00000000	E	85.00000000	NAN	PITCH	NORMAL	NAN	XXA		ANG002	0.00000000	0.00000000		STRIAE	161.00000000	48.00000000	NAN	NAN	161.00000000	48.00000000	153.55084799	47.75842058	30.00000000		STRIAE	0.00 0.00 0.00	   	NAN	NAN	NAN	NAN	NAN	NAN	NAN	NAN	NAN	NAN	NAN	NAN	0.13399615	0.11045790	-0.98480662	0.75990100	0.62641404	0.17365459	50.50000000	79.99962691	NAN	NAN	NORMAL	NAN	NAN	NAN	NAN	NAN	NAN	2.07218014	-10.98871421	-12.28856016	-3.97570607	11.54628880	-10.99536847	-1.81286961	10.46745978	11.64742689	0.86602540	10.58947240	28696.24407887
ANG_035	34	-0.31930331	0.87727864	0.35836795	-0.12256906	0.33675572	-0.93358043	-0.93969262	-0.34202014	0.00000000	-0.40263512	0.84166253	0.35984600	-0.15528919	0.32461424	-0.93301171	-0.90209214	-0.43154347	-0.00000000	88.00000000	W	88.00000000	NAN	PITCH	NORMAL	NAN	XXA		ANG002	0.00000000	0.00000000		STRIAE	340.00000000	69.00000000	NAN	NAN	340.00000000	69.00000000	334.43444713	68.90926161	30.00000000		STRIAE	0.00 0.00 0.00	   	NAN	NAN	NAN	NAN	NAN	NAN	NAN	NAN	NAN	NAN	NAN	NAN	0.13399615	0.11045790	-0.98480662	0.75990100	0.62641404	0.17365459	50.50000000	79.99962691	NAN	NAN	NORMAL	NAN	NAN	NAN	NAN	NAN	NAN	-3.52083842	2.87202352	-10.16770683	1.70677533	-4.68932668	-1.91558795	3.38635403	-2.59089934	9.35969498	0.86602540	10.05658202	12214.88915343
ANG_036	35	-0.88667033	0.27108232	0.37460659	-0.35823807	0.10952437	-0.92718385	-0.29237170	-0.95630476	-0.00000000	-0.67635939	0.61342127	0.40774050	-0.30202581	0.27392103	-0.91309785	-0.67180234	-0.74073046	-0.00000000	80.00000000	N	100.00000000	NAN	PITCH	NORMAL	NAN	XXA		ANG002	0.00000000	0.00000000		STRIAE	287.00000000	68.00000000	NAN	NAN	287.00000000	68.00000000	312.20632312	65.93702435	30.00000000		STRIAE	0.00 0.00 0.00	   	NAN	NAN	NAN	NAN	NAN	NAN	NAN	NAN	NAN	NAN	NAN	NAN	0.13399615	0.11045790	-0.98480662	0.75990100	0.62641404	0.17365459	50.50000000	79.99962691	NAN	NAN	NORMAL	NAN	NAN	NAN	NAN	NAN	NAN	-2.77422490	2.18587308	-8.14821340	4.45789105	-1.36291407	-1.88340054	2.51266288	-1.94865051	7.35744747	0.86602540	1.71783556	7418.11342758
ANG_037	36	0.09822463	0.93454489	0.34202014	0.03575084	0.34014652	-0.93969262	-0.99452190	0.10452846	-0.00000000	-0.54443718	0.70872368	0.44866346	-0.27332310	0.35579964	-0.89370079	-0.79302121	-0.60919403	-0.00000000	72.00000000	W	72.00000000	NAN	PITCH	NORMAL	NAN	XXA		ANG002	0.00000000	0.00000000		STRIAE	6.00000000	70.00000000	NAN	NAN	6.00000000	70.00000000	322.46875140	63.34203499	30.00000000		STRIAE	0.00 0.00 0.00	   	NAN	NAN	NAN	NAN	NAN	NAN	NAN	NAN	NAN	NAN	NAN	NAN	0.13399615	0.11045790	-0.98480662	0.75990100	0.62641404	0.17365459	50.50000000	79.99962691	NAN	NAN	NORMAL	NAN	NAN	NAN	NAN	NAN	NAN	-2.83177886	4.14708895	-10.51835811	-0.73120882	-6.95698718	-2.54608397	2.59507411	-3.83895742	9.74439052	0.86602540	1.81052328	13443.61838045
ANG_038	37	-0.01650157	0.94537457	0.32556815	-0.00568195	0.32551857	-0.94551858	-0.99984770	-0.01745241	0.00000000	0.03412967	0.94475830	0.32598608	0.01176867	0.32577358	-0.94537457	-0.99934812	0.03610174	0.00000000	89.00000000	E	91.00000000	NAN	PITCH	NORMAL	NAN	XXA		ANG002	0.00000000	0.00000000		STRIAE	359.00000000	71.00000000	NAN	NAN	359.00000000	71.00000000	2.06892712	70.97467288	30.00000000		STRIAE	0.00 0.00 0.00	   	NAN	NAN	NAN	NAN	NAN	NAN	NAN	NAN	NAN	NAN	NAN	NAN	0.13399615	0.11045790	-0.98480662	0.75990100	0.62641404	0.17365459	50.50000000	79.99962691	NAN	NAN	NORMAL	NAN	NAN	NAN	NAN	NAN	NAN	-3.16740984	3.40130785	-10.03715241	0.10443025	-5.98280521	-2.06035884	3.17760181	-3.11917965	9.21843402	0.86602540	17.31678965	12101.94992743
ANG_039	38	0.75440651	0.63302222	0.17364818	0.13302222	0.11161890	-0.98480775	-0.64278761	0.76604444	-0.00000000	NAN	NAN	NAN	NAN	NAN	NAN	NAN	NAN	NAN	NAN	NONE	NAN	NAN	NONE	NONE	NAN	XXX		ANG002	0.00000000	0.00000000		BEDDING	50.00000000	80.00000000	NAN	NAN	50.00000000	80.00000000	NAN	NAN	NAN		PLANE	0.00 0.00 0.00	   	NAN	NAN	NAN	NAN	NAN	NAN	NAN	NAN	NAN	0.13399615	0.11045790	-0.98480662	0.13399615	0.11045790	-0.98480662	0.75990100	0.62641404	0.17365459	50.50000000	79.99962691	50.50000000	79.99962691	NORMAL	NAN	NAN	NAN	NAN	NAN	NAN	NAN	NAN	NAN	NAN	NAN	NAN	NAN	NAN	NAN	NAN	NAN	NAN
ANG_040	39	0.76533937	0.61975960	0.17364818	0.13494998	0.10928034	-0.98480775	-0.62932039	0.77714596	0.00000000	NAN	NAN	NAN	NAN	NAN	NAN	NAN	NAN	NAN	NAN	NONE	NAN	NAN	NONE	NONE	NAN	XXX		ANG002	0.00000000	0.00000000		BEDDING	51.00000000	80.00000000	NAN	NAN	51.00000000	80.00000000	NAN	NAN	NAN		PLANE	0.00 0.00 0.00	   	NAN	NAN	NAN	NAN	NAN	NAN	NAN	NAN	NAN	0.13399615	0.11045790	-0.98480662	0.13399615	0.11045790	-0.98480662	0.75990100	0.62641404	0.17365459	50.50000000	79.99962691	50.50000000	79.99962691	NORMAL	NAN	NAN	NAN	NAN	NAN	NAN	NAN	NAN	NAN	NAN	NAN	NAN	NAN	NAN	NAN	NAN	NAN	NAN
