NAME_ID s	iID i	N.X d	N.Y d	N.Z d	D.X d	D.Y d	D.Z d	S.X d	S.Y d	S.Z d	NC.X d	NC.Y d	NC.Z d	DC.X d	DC.Y d	DC.Z d	SC.X d	SC.Y d	SC.Z d	LPITCH  d	LPITCHSENSE s	PITCHANGLE  d	MISFIT d	LINEATION s	OFFSET s	DEPTH d	GC s	COLOR s	LOC s	LOCX d	LOCY d	FORMATION s	DATATYPE s	DIPDIR d	DIP d	LDIR d	LDIP d	corr.DIPDIR d	corr.DIP d	corrL.DIPDIR d	corrL.DIP d	PALEON d	COMMENT s	DATAGROUP s	PSCOLOR s	DASHED s	ptnP.X d	ptnP.Y d	ptnP.Z d	ptnT.X d	ptnT.Y d	ptnT.Z d	ptnN.X d	ptnN.Y d	ptnN.Z d	avD.X d	avD.Y d	avD.Z d	avS0D.X d	avS0D.Y d	avS0D.Z d	avS0N.X d	avS0N.Y d	avS0N.Z d	avS0d.DIPDIR d	avS0d.DIP d	avd.DIPDIR d	avd.DIP d	avS0offset s	TRAJECTORY.X d	TRAJECTORY.Y d	TRAJECTORY.Z d	fold_great_circle_N.X d	fold_great_circle_N.Y d	fold_great_circle_N.Z d	SHEAR_S.X d	SHEAR_S.Y d	SHEAR_S.Z d	NORMAL_S.X d	NORMAL_S.Y d	NORMAL_S.Z d	lambda d	ANG d	RUP d
ANG_001	0	0.42402405	-0.76495963	0.48480962	0.23504037	-0.42402405	-0.87461971	0.87461971	0.48480962	0.00000000	0.64992262	-0.56523789	0.50804205	0.38334569	-0.33339586	-0.86133227	0.65623675	0.75455505	-0.00000000	80.00000000	E	80.00000000	NAN	PITCH	NORMAL	NAN	XXX		ANG002	0.00000000	0.00000000		STRIAE	151.00000000	61.00000000	NAN	NAN	151.00000000	61.00000000	131.01349355	59.46650063	30.00000000		STRIAE	0.00 0.00 0.00	   	NAN	NAN	NAN	NAN	NAN	NAN	NAN	NAN	NAN	NAN	NAN	NAN	0.13399615	0.11045790	-0.98480662	0.75990100	0.62641404	0.17365459	50.50000000	79.99962691	NAN	NAN	NORMAL	NAN	NAN	NAN	NAN	NAN	NAN	0.11827552	-0.16896191	-0.37004363	-0.13688616	0.24694917	-0.15650935	0.86602540	7.08664374	23.24546846
ANG_002	1	0.67545705	-0.52772488	0.51503807	0.40585554	-0.31708910	-0.85716730	0.61566148	0.78801075	-0.00000000	0.46100149	-0.70714808	0.53611493	0.29278119	-0.44910844	-0.84414500	0.83770926	0.54611647	-0.00000000	80.00000000	S	100.00000000	NAN	PITCH	NORMAL	NAN	XXX		ANG002	0.00000000	0.00000000		STRIAE	128.00000000	59.00000000	NAN	NAN	128.00000000	59.00000000	146.89900763	57.58044546	30.00000000		STRIAE	0.00 0.00 0.00	   	NAN	NAN	NAN	NAN	NAN	NAN	NAN	NAN	NAN	NAN	NAN	NAN	0.13399615	0.11045790	-0.98480662	0.75990100	0.62641404	0.17365459	50.50000000	79.99962691	NAN	NAN	NORMAL	NAN	NAN	NAN	NAN	NAN	NAN	0.19478351	-0.13935742	-0.39824293	-0.23074439	0.18027728	-0.17594331	0.86602540	11.24603972	20.38121986
ANG_003	2	-0.13705875	0.97522367	0.17364818	-0.02416716	0.17195825	-0.98480775	-0.99026807	-0.13917310	0.00000000	-0.82796152	0.10944949	0.55000048	-0.54525704	0.07207836	-0.83516434	-0.13105144	-0.99137557	-0.00000000	58.00000000	W	58.00000000	NAN	PITCH	NORMAL	NAN	XXX		ANG002	0.00000000	0.00000000		STRIAE	352.00000000	80.00000000	NAN	NAN	352.00000000	80.00000000	277.53035531	56.63295428	30.00000000		STRIAE	0.00 0.00 0.00	   	NAN	NAN	NAN	NAN	NAN	NAN	NAN	NAN	NAN	NAN	NAN	NAN	0.13399615	0.11045790	-0.98480662	0.75990100	0.62641404	0.17365459	50.50000000	79.99962691	NAN	NAN	NORMAL	NAN	NAN	NAN	NAN	NAN	NAN	-0.06693284	0.01322447	-0.12709922	0.01661737	-0.11823873	-0.02105357	0.86602540	5.46656494	60.28586162
ANG_004	3	-0.54498500	0.75010750	0.37460659	-0.22018823	0.30306310	-0.92718385	-0.80901699	-0.58778525	-0.00000000	-0.82573076	0.37506989	0.42129714	-0.38358068	0.17423302	-0.90692266	-0.41356326	-0.91047539	-0.00000000	78.00000000	W	78.00000000	NAN	PITCH	NORMAL	NAN	XXX		ANG002	0.00000000	0.00000000		STRIAE	324.00000000	68.00000000	NAN	NAN	324.00000000	68.00000000	294.42887040	65.08349126	30.00000000		STRIAE	0.00 0.00 0.00	   	NAN	NAN	NAN	NAN	NAN	NAN	NAN	NAN	NAN	NAN	NAN	NAN	0.13399615	0.11045790	-0.98480662	0.75990100	0.62641404	0.17365459	50.50000000	79.99962691	NAN	NAN	NORMAL	NAN	NAN	NAN	NAN	NAN	NAN	-0.12383660	0.04270537	-0.26567259	0.07464593	-0.10274131	-0.05130941	0.86602540	2.68367098	37.55671725
ANG_005	4	-0.66214689	0.59619974	0.45399050	-0.33738069	0.30377894	-0.89100652	-0.66913061	-0.74314483	-0.00000000	-0.83384788	0.25352028	0.49033171	-0.46912819	0.14263214	-0.87153589	-0.29088908	-0.95675678	-0.00000000	78.00000000	W	78.00000000	NAN	PITCH	NORMAL	NAN	XXX		ANG002	0.00000000	0.00000000		STRIAE	312.00000000	63.00000000	NAN	NAN	312.00000000	63.00000000	286.91119174	60.63761377	30.00000000		STRIAE	0.00 0.00 0.00	   	NAN	NAN	NAN	NAN	NAN	NAN	NAN	NAN	NAN	NAN	NAN	NAN	0.13399615	0.11045790	-0.98480662	0.75990100	0.62641404	0.17365459	50.50000000	79.99962691	NAN	NAN	NORMAL	NAN	NAN	NAN	NAN	NAN	NAN	-0.15754658	0.06294217	-0.31244065	0.11045038	-0.09944997	-0.07572855	0.86602540	2.50577311	30.16009131
ANG_006	5	-0.37437839	-0.92661904	0.03489950	-0.01307358	-0.03235825	-0.99939083	0.92718385	-0.37460659	-0.00000000	-0.81153876	0.27430955	0.51590610	-0.48874123	0.16520022	-0.85664514	-0.32021374	-0.94734532	-0.00000000	59.00000000	W	121.00000000	NAN	PITCH	NORMAL	NAN	XXX		ANG002	0.00000000	0.00000000		STRIAE	202.00000000	88.00000000	NAN	NAN	202.00000000	88.00000000	288.67585167	58.94196051	30.00000000		STRIAE	0.00 0.00 0.00	   	NAN	NAN	NAN	NAN	NAN	NAN	NAN	NAN	NAN	NAN	NAN	NAN	0.13399615	0.11045790	-0.98480662	0.75990100	0.62641404	0.17365459	50.50000000	79.99962691	NAN	NAN	NORMAL	NAN	NAN	NAN	NAN	NAN	NAN	-0.00652002	0.00220130	-0.01149555	0.04863072	0.12036526	-0.00453335	0.86602540	0.15232075	83.94369385
ANG_007	6	-0.23663532	0.94909244	0.20791169	-0.05029839	0.20173583	-0.97814760	-0.97029573	-0.24192190	0.00000000	-0.87295257	0.15440531	0.46272325	-0.45565052	0.08059414	-0.88650279	-0.17417352	-0.98471498	-0.00000000	65.00000000	W	65.00000000	NAN	PITCH	NORMAL	NAN	XXX		ANG002	0.00000000	0.00000000		STRIAE	346.00000000	78.00000000	NAN	NAN	346.00000000	78.00000000	280.03056574	62.43702594	30.00000000		STRIAE	0.00 0.00 0.00	   	NAN	NAN	NAN	NAN	NAN	NAN	NAN	NAN	NAN	NAN	NAN	NAN	0.13399615	0.11045790	-0.98480662	0.75990100	0.62641404	0.17365459	50.50000000	79.99962691	NAN	NAN	NORMAL	NAN	NAN	NAN	NAN	NAN	NAN	-0.07765806	0.01349013	-0.14996763	0.02768900	-0.11105451	-0.02432801	0.86602540	0.18217700	56.03310678
ANG_008	7	-0.57948410	0.64358230	0.50000000	-0.33456530	0.37157241	-0.86602540	-0.74314483	-0.66913061	0.00000000	-0.74898497	0.40792922	0.52212572	-0.45852825	0.24973408	-0.85286853	-0.47830259	-0.87819510	-0.00000000	80.00000000	W	80.00000000	NAN	PITCH	NORMAL	NAN	XXX		ANG002	0.00000000	0.00000000		STRIAE	318.00000000	60.00000000	NAN	NAN	318.00000000	60.00000000	298.57459985	58.52505111	30.00000000		STRIAE	0.00 0.00 0.00	   	NAN	NAN	NAN	NAN	NAN	NAN	NAN	NAN	NAN	NAN	NAN	NAN	0.13399615	0.11045790	-0.98480662	0.75990100	0.62641404	0.17365459	50.50000000	79.99962691	NAN	NAN	NORMAL	NAN	NAN	NAN	NAN	NAN	NAN	-0.18040048	0.09508663	-0.33147056	0.12584204	-0.13976175	-0.10858110	0.86602540	0.42761158	26.25828586
ANG_009	8	0.16688531	-0.85855048	0.48480962	0.09250604	-0.47590230	-0.87461971	0.98162718	0.19080900	0.00000000	0.28704027	-0.82392066	0.48863344	0.16075555	-0.46143287	-0.87248918	0.94433338	0.32899007	-0.00000000	86.00000000	E	86.00000000	NAN	PITCH	NORMAL	NAN	XXX		ANG002	0.00000000	0.00000000		STRIAE	169.00000000	61.00000000	NAN	NAN	169.00000000	61.00000000	160.79251180	60.74919917	30.00000000		STRIAE	0.00 0.00 0.00	   	NAN	NAN	NAN	NAN	NAN	NAN	NAN	NAN	NAN	NAN	NAN	NAN	0.13399615	0.11045790	-0.98480662	0.75990100	0.62641404	0.17365459	50.50000000	79.99962691	NAN	NAN	NORMAL	NAN	NAN	NAN	NAN	NAN	NAN	0.04607383	-0.18614280	-0.34550065	-0.05543989	0.28521349	-0.16105546	0.86602540	2.59198595	25.68341822
ANG_010	9	0.29710050	-0.77397325	0.55919290	0.20039681	-0.52205155	-0.82903757	0.93358043	0.35836795	0.00000000	0.34455236	-0.75349177	0.55994091	0.23285622	-0.50922667	-0.82853255	0.90942930	0.41585857	-0.00000000	88.00000000	E	88.00000000	NAN	PITCH	NORMAL	NAN	XXX		ANG002	0.00000000	0.00000000		STRIAE	159.00000000	56.00000000	NAN	NAN	159.00000000	56.00000000	155.42660371	55.94828871	30.00000000		STRIAE	0.00 0.00 0.00	   	NAN	NAN	NAN	NAN	NAN	NAN	NAN	NAN	NAN	NAN	NAN	NAN	0.13399615	0.11045790	-0.98480662	0.75990100	0.62641404	0.17365459	50.50000000	79.99962691	NAN	NAN	NORMAL	NAN	NAN	NAN	NAN	NAN	NAN	0.09783054	-0.22624141	-0.36511604	-0.11950550	0.31132246	-0.22492936	0.86602540	0.66609911	20.91149197
ANG_011	10	-0.59136773	0.73027833	0.34202014	-0.21524025	0.26579957	-0.93969262	-0.77714596	-0.62932039	0.00000000	-0.87630416	0.04133791	0.47998145	-0.47944829	0.02261702	-0.87727864	-0.04712061	-0.99888921	-0.00000000	69.00000000	W	69.00000000	NAN	PITCH	NORMAL	NAN	XXX		ANG002	0.00000000	0.00000000		STRIAE	321.00000000	70.00000000	NAN	NAN	321.00000000	70.00000000	272.70081240	61.31580954	30.00000000		STRIAE	0.00 0.00 0.00	   	NAN	NAN	NAN	NAN	NAN	NAN	NAN	NAN	NAN	NAN	NAN	NAN	0.13399615	0.11045790	-0.98480662	0.75990100	0.62641404	0.17365459	50.50000000	79.99962691	NAN	NAN	NORMAL	NAN	NAN	NAN	NAN	NAN	NAN	-0.11024809	0.02460330	-0.24315650	0.06553412	-0.08092790	-0.03790195	0.86602540	5.82237847	41.55696842
ANG_012	11	-0.60365126	0.47162405	0.64278761	-0.50652355	0.39573957	-0.76604444	-0.61566148	-0.78801075	0.00000000	-0.54776754	0.53284083	0.64500494	-0.46234331	0.44974442	-0.76417840	-0.69727282	-0.71680584	-0.00000000	86.00000000	N	94.00000000	NAN	PITCH	NORMAL	NAN	XXX		ANG002	0.00000000	0.00000000		STRIAE	308.00000000	50.00000000	NAN	NAN	308.00000000	50.00000000	314.20860967	49.83395389	30.00000000		STRIAE	0.00 0.00 0.00	   	NAN	NAN	NAN	NAN	NAN	NAN	NAN	NAN	NAN	NAN	NAN	NAN	0.13399615	0.11045790	-0.98480662	0.75990100	0.62641404	0.17365459	50.50000000	79.99962691	NAN	NAN	NORMAL	NAN	NAN	NAN	NAN	NAN	NAN	-0.26959854	0.14263006	-0.35783401	0.21062485	-0.16455817	-0.22428023	0.86602540	10.54430272	19.68108820
ANG_013	12	-0.38857298	0.67302814	0.62932039	-0.31466020	0.54500745	-0.77714596	-0.86602540	-0.50000000	-0.00000000	-0.55941772	0.51867022	0.64655473	-0.47412444	0.43958963	-0.76286760	-0.67989546	-0.73330905	-0.00000000	79.00000000	W	79.00000000	NAN	PITCH	NORMAL	NAN	XXX		ANG002	0.00000000	0.00000000		STRIAE	330.00000000	51.00000000	NAN	NAN	330.00000000	51.00000000	312.83547427	49.71765565	30.00000000		STRIAE	0.00 0.00 0.00	   	NAN	NAN	NAN	NAN	NAN	NAN	NAN	NAN	NAN	NAN	NAN	NAN	0.13399615	0.11045790	-0.98480662	0.75990100	0.62641404	0.17365459	50.50000000	79.99962691	NAN	NAN	NORMAL	NAN	NAN	NAN	NAN	NAN	NAN	-0.21674660	0.19931489	-0.34698765	0.14624050	-0.25329598	-0.23684645	0.86602540	0.15594427	19.49962362
ANG_014	13	-0.13812343	0.87207704	0.46947156	-0.07344153	0.46369159	-0.88294759	-0.98768834	-0.15643447	-0.00000000	-0.49574557	0.70312366	0.50975823	-0.29374076	0.41661711	-0.86031770	-0.81728373	-0.57623546	-0.00000000	77.00000000	W	77.00000000	NAN	PITCH	NORMAL	NAN	XXX		ANG002	0.00000000	0.00000000		STRIAE	351.00000000	62.00000000	NAN	NAN	351.00000000	62.00000000	324.81380199	59.35227333	30.00000000		STRIAE	0.00 0.00 0.00	   	NAN	NAN	NAN	NAN	NAN	NAN	NAN	NAN	NAN	NAN	NAN	NAN	0.13399615	0.11045790	-0.98480662	0.75990100	0.62641404	0.17365459	50.50000000	79.99962691	NAN	NAN	NORMAL	NAN	NAN	NAN	NAN	NAN	NAN	-0.10873583	0.15159024	-0.31358093	0.03812411	-0.24070617	-0.12958110	0.86602540	0.25854290	29.00087913
ANG_015	14	-0.46789094	0.74878203	0.46947156	-0.24878203	0.39813447	-0.88294759	-0.84804810	-0.52991926	-0.00000000	-0.61677724	0.62503141	0.47845750	-0.33606434	0.34056180	-0.87811071	-0.71179112	-0.70239120	-0.00000000	84.00000000	W	84.00000000	NAN	PITCH	NORMAL	NAN	XXX		ANG002	0.00000000	0.00000000		STRIAE	328.00000000	62.00000000	NAN	NAN	328.00000000	62.00000000	315.38083325	61.41529303	30.00000000		STRIAE	0.00 0.00 0.00	   	NAN	NAN	NAN	NAN	NAN	NAN	NAN	NAN	NAN	NAN	NAN	NAN	0.13399615	0.11045790	-0.98480662	0.75990100	0.62641404	0.17365459	50.50000000	79.99962691	NAN	NAN	NORMAL	NAN	NAN	NAN	NAN	NAN	NAN	-0.15912937	0.09914033	-0.31671713	0.10050380	-0.16083970	-0.10084332	0.86602540	6.93926009	29.17343075
ANG_016	15	-0.70758221	0.51408857	0.48480962	-0.39221922	0.28496394	-0.87461971	-0.58778525	-0.80901699	-0.00000000	-0.83839234	0.10399685	0.53505415	-0.53098469	0.06586503	-0.84481776	-0.12309974	-0.99239430	-0.00000000	75.00000000	S	75.00000000	NAN	PITCH	NORMAL	NAN	XXX		ANG002	0.00000000	0.00000000		STRIAE	306.00000000	61.00000000	NAN	NAN	306.00000000	61.00000000	277.07103146	57.65241598	30.00000000		STRIAE	0.00 0.00 0.00	   	NAN	NAN	NAN	NAN	NAN	NAN	NAN	NAN	NAN	NAN	NAN	NAN	0.13399615	0.11045790	-0.98480662	0.75990100	0.62641404	0.17365459	50.50000000	79.99962691	NAN	NAN	NORMAL	NAN	NAN	NAN	NAN	NAN	NAN	-0.17442540	0.06895870	-0.32769809	0.12903336	-0.09374822	-0.08840897	0.86602540	7.88980723	28.26372271
ANG_017	16	0.70062927	-0.50903696	0.50000000	0.40450850	-0.29389263	-0.86602540	0.58778525	0.80901699	0.00000000	0.38796329	-0.74537898	0.54212051	0.25029474	-0.48088168	-0.84030075	0.88703834	0.46169576	-0.00000000	76.00000000	S	104.00000000	NAN	PITCH	NORMAL	NAN	XXX		ANG002	0.00000000	0.00000000		STRIAE	126.00000000	60.00000000	NAN	NAN	126.00000000	60.00000000	152.50341389	57.17189152	30.00000000		STRIAE	0.00 0.00 0.00	   	NAN	NAN	NAN	NAN	NAN	NAN	NAN	NAN	NAN	NAN	NAN	NAN	0.13399615	0.11045790	-0.98480662	0.75990100	0.62641404	0.17365459	50.50000000	79.99962691	NAN	NAN	NORMAL	NAN	NAN	NAN	NAN	NAN	NAN	0.19162006	-0.12782382	-0.39864334	-0.22762388	0.16537843	-0.16244246	0.86602540	15.14744570	22.19716824
ANG_018	17	0.69244212	-0.56072857	0.45399050	0.35281688	-0.28570548	-0.89100652	0.62932039	0.77714596	-0.00000000	0.57164231	-0.67903401	0.46058428	0.29662542	-0.35235102	-0.88761598	0.76500877	0.64401986	-0.00000000	85.00000000	S	95.00000000	NAN	PITCH	NORMAL	NAN	XXX		ANG002	0.00000000	0.00000000		STRIAE	129.00000000	63.00000000	NAN	NAN	129.00000000	63.00000000	139.90777264	62.57518346	30.00000000		STRIAE	0.00 0.00 0.00	   	NAN	NAN	NAN	NAN	NAN	NAN	NAN	NAN	NAN	NAN	NAN	NAN	0.13399615	0.11045790	-0.98480662	0.75990100	0.62641404	0.17365459	50.50000000	79.99962691	NAN	NAN	NORMAL	NAN	NAN	NAN	NAN	NAN	NAN	0.16322051	-0.11319025	-0.38875211	-0.19318619	0.15643909	-0.12665996	0.86602540	6.93657983	21.93683124
ANG_019	18	0.32528049	-0.89370079	0.30901699	0.10569004	-0.29038099	-0.95105652	0.93969262	0.34202014	-0.00000000	0.83115550	-0.16511560	0.53095892	0.52078203	-0.10345746	-0.84739756	0.19485022	0.98083301	-0.00000000	63.00000000	E	63.00000000	NAN	PITCH	NORMAL	NAN	XXX		ANG002	0.00000000	0.00000000		STRIAE	160.00000000	72.00000000	NAN	NAN	160.00000000	72.00000000	101.23597377	57.92973195	30.00000000		STRIAE	0.00 0.00 0.00	   	NAN	NAN	NAN	NAN	NAN	NAN	NAN	NAN	NAN	NAN	NAN	NAN	0.13399615	0.11045790	-0.98480662	0.75990100	0.62641404	0.17365459	50.50000000	79.99962691	NAN	NAN	NORMAL	NAN	NAN	NAN	NAN	NAN	NAN	0.06502856	-0.07549388	-0.28678506	-0.06186647	0.16997673	-0.05877325	0.86602540	20.32564127	40.30642861
ANG_020	19	0.50259761	-0.62065636	0.60181502	0.37873447	-0.46769811	-0.79863551	0.77714596	0.62932039	-0.00000000	0.52030106	-0.60573197	0.60197641	0.39223985	-0.45664373	-0.79851387	0.75857413	0.65158675	-0.00000000	89.00000000	E	89.00000000	NAN	PITCH	NORMAL	NAN	XXX		ANG002	0.00000000	0.00000000		STRIAE	141.00000000	53.00000000	NAN	NAN	141.00000000	53.00000000	139.33865686	52.98842120	30.00000000		STRIAE	0.00 0.00 0.00	   	NAN	NAN	NAN	NAN	NAN	NAN	NAN	NAN	NAN	NAN	NAN	NAN	0.13399615	0.11045790	-0.98480662	0.75990100	0.62641404	0.17365459	50.50000000	79.99962691	NAN	NAN	NORMAL	NAN	NAN	NAN	NAN	NAN	NAN	0.18772432	-0.21620994	-0.37975434	-0.22344064	0.27592621	-0.26754989	0.86602540	0.18355844	17.60132973
ANG_021	20	-0.71791667	0.13954886	0.68199836	-0.66946813	0.13013142	-0.73135370	-0.19080900	-0.98162718	0.00000000	-0.64018875	0.32490416	0.69612905	-0.62076004	0.31504384	-0.71791667	-0.45256528	-0.89173127	-0.00000000	79.00000000	N	101.00000000	NAN	PITCH	NORMAL	NAN	XXX		ANG002	0.00000000	0.00000000		STRIAE	281.00000000	47.00000000	NAN	NAN	281.00000000	47.00000000	296.90838925	45.88274399	30.00000000		STRIAE	0.00 0.00 0.00	   	NAN	NAN	NAN	NAN	NAN	NAN	NAN	NAN	NAN	NAN	NAN	NAN	0.13399615	0.11045790	-0.98480662	0.75990100	0.62641404	0.17365459	50.50000000	79.99962691	NAN	NAN	NORMAL	NAN	NAN	NAN	NAN	NAN	NAN	-0.32199407	0.07510464	-0.35432003	0.27547955	-0.05354780	-0.26169694	0.86602540	9.54738530	18.13933696
ANG_022	21	-0.36418692	0.60610881	0.70710678	-0.36418692	0.60610881	-0.70710678	-0.85716730	-0.51503808	0.00000000	-0.57457998	0.30581438	0.75916758	-0.67015777	0.35668469	-0.65089522	-0.46983658	-0.88275342	-0.00000000	67.00000000	W	67.00000000	NAN	PITCH	NORMAL	NAN	XXX		ANG002	0.00000000	0.00000000		STRIAE	329.00000000	45.00000000	NAN	NAN	329.00000000	45.00000000	298.02368882	40.60913198	30.00000000		STRIAE	0.00 0.00 0.00	   	NAN	NAN	NAN	NAN	NAN	NAN	NAN	NAN	NAN	NAN	NAN	NAN	0.13399615	0.11045790	-0.98480662	0.75990100	0.62641404	0.17365459	50.50000000	79.99962691	NAN	NAN	NORMAL	NAN	NAN	NAN	NAN	NAN	NAN	-0.24604455	0.23884373	-0.33145134	0.17126081	-0.28502585	-0.33252068	0.86602540	12.38053204	19.70140624
ANG_023	22	-0.39098036	-0.87815626	0.27563736	-0.11211181	-0.25180725	-0.96126170	0.91354546	-0.40673664	0.00000000	-0.87011171	-0.11859185	0.47837390	-0.47399165	-0.06460268	-0.87815626	0.13504641	-0.99083927	-0.00000000	66.00000000	W	114.00000000	NAN	PITCH	NORMAL	NAN	XXX		ANG002	0.00000000	0.00000000		STRIAE	204.00000000	74.00000000	NAN	NAN	204.00000000	74.00000000	262.23869661	61.42074726	30.00000000		STRIAE	0.00 0.00 0.00	   	NAN	NAN	NAN	NAN	NAN	NAN	NAN	NAN	NAN	NAN	NAN	NAN	0.13399615	0.11045790	-0.98480662	0.75990100	0.62641404	0.17365459	50.50000000	79.99962691	NAN	NAN	NORMAL	NAN	NAN	NAN	NAN	NAN	NAN	-0.05126098	-0.04069165	-0.20235162	0.07190941	0.16151117	-0.05069543	0.86602540	15.81492559	50.90073271
ANG_024	23	-0.59619974	0.30377894	0.74314483	-0.66214689	0.33738069	-0.66913061	-0.45399050	-0.89100652	-0.00000000	-0.58881243	0.31764653	0.74323657	-0.65412281	0.35287951	-0.66902869	-0.47478761	-0.88010041	-0.00000000	89.00000000	N	91.00000000	NAN	PITCH	NORMAL	NAN	XXX		ANG002	0.00000000	0.00000000		STRIAE	297.00000000	42.00000000	NAN	NAN	297.00000000	42.00000000	298.34552197	41.99214318	30.00000000		STRIAE	0.00 0.00 0.00	   	NAN	NAN	NAN	NAN	NAN	NAN	NAN	NAN	NAN	NAN	NAN	NAN	0.13399615	0.11045790	-0.98480662	0.75990100	0.62641404	0.17365459	50.50000000	79.99962691	NAN	NAN	NORMAL	NAN	NAN	NAN	NAN	NAN	NAN	-0.34273152	0.14220749	-0.33309266	0.28200556	-0.14368901	-0.35151134	0.86602540	4.32135226	15.86901846
ANG_025	24	-0.67070549	0.48729606	0.55919290	-0.45239656	0.32868534	-0.82903757	-0.58778525	-0.80901699	0.00000000	-0.62145600	0.54700382	0.56087366	-0.42101427	0.37057557	-0.82790141	-0.66071130	-0.75064011	-0.00000000	87.00000000	N	93.00000000	NAN	PITCH	NORMAL	NAN	XXX		ANG002	0.00000000	0.00000000		STRIAE	306.00000000	56.00000000	NAN	NAN	306.00000000	56.00000000	311.35414351	55.88376126	30.00000000		STRIAE	0.00 0.00 0.00	   	NAN	NAN	NAN	NAN	NAN	NAN	NAN	NAN	NAN	NAN	NAN	NAN	0.13399615	0.11045790	-0.98480662	0.75990100	0.62641404	0.17365459	50.50000000	79.99962691	NAN	NAN	NORMAL	NAN	NAN	NAN	NAN	NAN	NAN	-0.22048527	0.10077648	-0.35227317	0.16922802	-0.12295135	-0.14109189	0.86602540	9.45404443	23.35405265
ANG_026	25	0.75722776	-0.61319095	0.22495105	0.17481980	-0.14156629	-0.97437006	0.62932039	0.77714596	-0.00000000	-0.30350543	-0.68191898	0.66548550	-0.27059961	-0.60798586	-0.74641077	0.91359745	-0.40661984	-0.00000000	50.00000000	S	130.00000000	NAN	PITCH	NORMAL	NAN	XXX		ANG002	0.00000000	0.00000000		STRIAE	129.00000000	77.00000000	NAN	NAN	129.00000000	77.00000000	203.99267468	48.28041723	30.00000000		STRIAE	0.00 0.00 0.00	   	NAN	NAN	NAN	NAN	NAN	NAN	NAN	NAN	NAN	NAN	NAN	NAN	0.13399615	0.11045790	-0.98480662	0.75990100	0.62641404	0.17365459	50.50000000	79.99962691	NAN	NAN	NORMAL	NAN	NAN	NAN	NAN	NAN	NAN	0.06596166	-0.01809875	-0.27137457	-0.07630434	0.06179004	-0.02266787	0.86602540	45.62795990	56.50416503
ANG_027	26	0.45046245	-0.74969541	0.48480962	0.24969541	-0.41556295	-0.87461971	0.85716730	0.51503807	0.00000000	-0.22115847	-0.73989779	0.63532683	-0.18194771	-0.60871604	-0.77224337	0.95811480	-0.28638442	-0.00000000	62.00000000	W	118.00000000	NAN	PITCH	NORMAL	NAN	XXX		ANG002	0.00000000	0.00000000		STRIAE	149.00000000	61.00000000	NAN	NAN	149.00000000	61.00000000	196.64161991	50.55577071	30.00000000		STRIAE	0.00 0.00 0.00	   	NAN	NAN	NAN	NAN	NAN	NAN	NAN	NAN	NAN	NAN	NAN	NAN	0.13399615	0.11045790	-0.98480662	0.75990100	0.62641404	0.17365459	50.50000000	79.99962691	NAN	NAN	NORMAL	NAN	NAN	NAN	NAN	NAN	NAN	0.12503915	-0.16586285	-0.37266600	-0.14482538	0.24102990	-0.15586812	0.86602540	30.92267246	34.42067559
ANG_028	27	-0.29004953	0.79690454	0.52991926	-0.18124306	0.49796122	-0.84804810	-0.93969262	-0.34202014	0.00000000	0.11934429	0.80641286	0.57918497	0.08479238	0.57294458	-0.81519615	-0.98922555	0.14639947	0.00000000	74.00000000	E	106.00000000	NAN	PITCH	NORMAL	NAN	XXX		ANG002	0.00000000	0.00000000		STRIAE	340.00000000	58.00000000	NAN	NAN	340.00000000	58.00000000	8.41832800	54.60676149	30.00000000		STRIAE	0.00 0.00 0.00	   	NAN	NAN	NAN	NAN	NAN	NAN	NAN	NAN	NAN	NAN	NAN	NAN	0.13399615	0.11045790	-0.98480662	0.75990100	0.62641404	0.17365459	50.50000000	79.99962691	NAN	NAN	NORMAL	NAN	NAN	NAN	NAN	NAN	NAN	-0.15608263	0.16473908	-0.33316964	0.08673307	-0.23829715	-0.15846095	0.86602540	28.94810113	34.81667256
ANG_029	28	0.41790046	-0.82017583	0.39073113	0.17738822	-0.34814398	-0.92050485	0.89100652	0.45399050	-0.00000000	0.07820613	-0.90580206	0.41642098	0.03582015	-0.41487752	-0.90917191	0.99629349	0.08601908	-0.00000000	81.00000000	W	99.00000000	NAN	PITCH	NORMAL	NAN	XXX		ANG002	0.00000000	0.00000000		STRIAE	153.00000000	67.00000000	NAN	NAN	153.00000000	67.00000000	175.06537176	65.39116547	30.00000000		STRIAE	0.00 0.00 0.00	   	NAN	NAN	NAN	NAN	NAN	NAN	NAN	NAN	NAN	NAN	NAN	NAN	0.13399615	0.11045790	-0.98480662	0.75990100	0.62641404	0.17365459	50.50000000	79.99962691	NAN	NAN	NORMAL	NAN	NAN	NAN	NAN	NAN	NAN	0.09231777	-0.11450844	-0.33909942	-0.10082346	0.19787718	-0.09426854	0.86602540	13.69742025	30.55572892
ANG_030	29	0.73443119	-0.42402405	0.52991926	0.45892354	-0.26495963	-0.84804810	0.50000000	0.86602540	-0.00000000	0.12858639	-0.70759694	0.69481804	0.12422961	-0.68362206	-0.71918557	0.98388645	0.17879445	-0.00000000	58.00000000	S	122.00000000	NAN	PITCH	NORMAL	NAN	XXX		ANG002	0.00000000	0.00000000		STRIAE	120.00000000	58.00000000	NAN	NAN	120.00000000	58.00000000	169.70045246	45.98728075	30.00000000		STRIAE	0.00 0.00 0.00	   	NAN	NAN	NAN	NAN	NAN	NAN	NAN	NAN	NAN	NAN	NAN	NAN	0.13399615	0.11045790	-0.98480662	0.75990100	0.62641404	0.17365459	50.50000000	79.99962691	NAN	NAN	NORMAL	NAN	NAN	NAN	NAN	NAN	NAN	0.21929671	-0.12443002	-0.40349480	-0.26188803	0.15120113	-0.18896190	0.86602540	32.22745060	32.24409596
ANG_031	30	0.79172110	-0.49472225	0.35836795	0.30391326	-0.18990608	-0.93358043	0.52991926	0.84804810	0.00000000	0.88309053	-0.29172411	0.36748899	0.34894228	-0.11527117	-0.93002787	0.31367244	0.94953125	-0.00000000	85.00000000	N	85.00000000	NAN	PITCH	NORMAL	NAN	XXX		ANG002	0.00000000	0.00000000		STRIAE	122.00000000	69.00000000	NAN	NAN	122.00000000	69.00000000	108.28068876	68.43916000	30.00000000		STRIAE	0.00 0.00 0.00	   	NAN	NAN	NAN	NAN	NAN	NAN	NAN	NAN	NAN	NAN	NAN	NAN	0.13399615	0.11045790	-0.98480662	0.75990100	0.62641404	0.17365459	50.50000000	79.99962691	NAN	NAN	NORMAL	NAN	NAN	NAN	NAN	NAN	NAN	0.12326538	-0.06340437	-0.35985180	-0.15009390	0.09378908	-0.06793913	0.86602540	3.28355155	26.77515636
ANG_032	31	0.65164092	-0.60766499	0.45399050	0.33202763	-0.30962078	-0.89100652	0.68199836	0.73135370	0.00000000	0.49506605	-0.73493401	0.46344536	0.25892051	-0.38437192	-0.88612550	0.82937915	0.55868616	-0.00000000	84.00000000	S	96.00000000	NAN	PITCH	NORMAL	NAN	XXX		ANG002	0.00000000	0.00000000		STRIAE	133.00000000	63.00000000	NAN	NAN	133.00000000	63.00000000	146.03501436	62.39034516	30.00000000		STRIAE	0.00 0.00 0.00	   	NAN	NAN	NAN	NAN	NAN	NAN	NAN	NAN	NAN	NAN	NAN	NAN	0.13399615	0.11045790	-0.98480662	0.75990100	0.62641404	0.17365459	50.50000000	79.99962691	NAN	NAN	NORMAL	NAN	NAN	NAN	NAN	NAN	NAN	0.15592534	-0.12047944	-0.38507076	-0.18314397	0.17078451	-0.12759423	0.86602540	8.41511875	22.62741326
ANG_033	32	0.84031395	-0.39184483	0.37460659	0.33950887	-0.15831559	-0.92718385	0.42261826	0.90630779	0.00000000	0.88528509	-0.27126652	0.37773639	0.36116172	-0.11066614	-0.92591318	0.29297187	0.95612106	-0.00000000	87.00000000	N	87.00000000	NAN	PITCH	NORMAL	NAN	XXX		ANG002	0.00000000	0.00000000		STRIAE	115.00000000	68.00000000	NAN	NAN	115.00000000	68.00000000	107.03596157	67.80646023	30.00000000		STRIAE	0.00 0.00 0.00	   	NAN	NAN	NAN	NAN	NAN	NAN	NAN	NAN	NAN	NAN	NAN	NAN	0.13399615	0.11045790	-0.98480662	0.75990100	0.62641404	0.17365459	50.50000000	79.99962691	NAN	NAN	NORMAL	NAN	NAN	NAN	NAN	NAN	NAN	0.13630133	-0.06233035	-0.37094846	-0.16961710	0.07909375	-0.07561422	0.86602540	2.84061407	25.16720674
ANG_034	33	0.24194429	-0.70265724	0.66913061	0.21784762	-0.63267542	-0.74314483	0.94551858	0.32556815	-0.00000000	0.32973969	-0.66282796	0.67225801	0.29942601	-0.60189276	-0.74031694	0.89532999	0.44540341	-0.00000000	85.00000000	E	85.00000000	NAN	PITCH	NORMAL	NAN	XXX		ANG002	0.00000000	0.00000000		STRIAE	161.00000000	48.00000000	NAN	NAN	161.00000000	48.00000000	153.55084799	47.75842058	30.00000000		STRIAE	0.00 0.00 0.00	   	NAN	NAN	NAN	NAN	NAN	NAN	NAN	NAN	NAN	NAN	NAN	NAN	0.13399615	0.11045790	-0.98480662	0.75990100	0.62641404	0.17365459	50.50000000	79.99962691	NAN	NAN	NORMAL	NAN	NAN	NAN	NAN	NAN	NAN	0.09546790	-0.29091742	-0.34001306	-0.12788687	0.37141045	-0.35368895	0.86602540	5.55684155	19.69606463
ANG_035	34	-0.31930331	0.87727864	0.35836795	-0.12256906	0.33675572	-0.93358043	-0.93969262	-0.34202014	0.00000000	-0.40263512	0.84166253	0.35984600	-0.15528919	0.32461424	-0.93301171	-0.90209214	-0.43154347	-0.00000000	88.00000000	W	88.00000000	NAN	PITCH	NORMAL	NAN	XXX		ANG002	0.00000000	0.00000000		STRIAE	340.00000000	69.00000000	NAN	NAN	340.00000000	69.00000000	334.43444713	68.90926161	30.00000000		STRIAE	0.00 0.00 0.00	   	NAN	NAN	NAN	NAN	NAN	NAN	NAN	NAN	NAN	NAN	NAN	NAN	0.13399615	0.11045790	-0.98480662	0.75990100	0.62641404	0.17365459	50.50000000	79.99962691	NAN	NAN	NORMAL	NAN	NAN	NAN	NAN	NAN	NAN	-0.11175699	0.06439300	-0.25720766	0.05399735	-0.14835651	-0.06060357	0.86602540	14.76437942	40.51546236
ANG_036	35	-0.88667033	0.27108232	0.37460659	-0.35823807	0.10952437	-0.92718385	-0.29237170	-0.95630476	-0.00000000	-0.67635939	0.61342127	0.40774050	-0.30202581	0.27392103	-0.91309785	-0.67180234	-0.74073046	-0.00000000	80.00000000	N	100.00000000	NAN	PITCH	NORMAL	NAN	XXX		ANG002	0.00000000	0.00000000		STRIAE	287.00000000	68.00000000	NAN	NAN	287.00000000	68.00000000	312.20632312	65.93702435	30.00000000		STRIAE	0.00 0.00 0.00	   	NAN	NAN	NAN	NAN	NAN	NAN	NAN	NAN	NAN	NAN	NAN	NAN	0.13399615	0.11045790	-0.98480662	0.75990100	0.62641404	0.17365459	50.50000000	79.99962691	NAN	NAN	NORMAL	NAN	NAN	NAN	NAN	NAN	NAN	-0.10072714	0.03283552	-0.26217610	0.07797101	-0.02383813	-0.03294173	0.86602540	9.60468358	40.07378216
ANG_037	36	0.09822463	0.93454489	0.34202014	0.03575084	0.34014652	-0.93969262	-0.99452190	0.10452846	-0.00000000	-0.54443718	0.70872368	0.44866346	-0.27332310	0.35579964	-0.89370079	-0.79302121	-0.60919403	-0.00000000	72.00000000	W	72.00000000	NAN	PITCH	NORMAL	NAN	XXX		ANG002	0.00000000	0.00000000		STRIAE	6.00000000	70.00000000	NAN	NAN	6.00000000	70.00000000	322.46875140	63.34203499	30.00000000		STRIAE	0.00 0.00 0.00	   	NAN	NAN	NAN	NAN	NAN	NAN	NAN	NAN	NAN	NAN	NAN	NAN	0.13399615	0.11045790	-0.98480662	0.75990100	0.62641404	0.17365459	50.50000000	79.99962691	NAN	NAN	NORMAL	NAN	NAN	NAN	NAN	NAN	NAN	-0.04586010	0.09977666	-0.25946183	-0.02178167	-0.20723878	-0.07584423	0.86602540	6.52741277	39.78516118
ANG_038	37	-0.01650157	0.94537457	0.32556815	-0.00568195	0.32551857	-0.94551858	-0.99984770	-0.01745241	0.00000000	0.03412967	0.94475830	0.32598608	0.01176867	0.32577358	-0.94537457	-0.99934812	0.03610174	0.00000000	89.00000000	E	91.00000000	NAN	PITCH	NORMAL	NAN	XXX		ANG002	0.00000000	0.00000000		STRIAE	359.00000000	71.00000000	NAN	NAN	359.00000000	71.00000000	2.06892712	70.97467288	30.00000000		STRIAE	0.00 0.00 0.00	   	NAN	NAN	NAN	NAN	NAN	NAN	NAN	NAN	NAN	NAN	NAN	NAN	0.13399615	0.11045790	-0.98480662	0.75990100	0.62641404	0.17365459	50.50000000	79.99962691	NAN	NAN	NORMAL	NAN	NAN	NAN	NAN	NAN	NAN	-0.06752879	0.08312119	-0.24478742	0.00327242	-0.18747680	-0.06456327	0.86602540	15.31600815	43.30601134
ANG_039	38	0.75440651	0.63302222	0.17364818	0.13302222	0.11161890	-0.98480775	-0.64278761	0.76604444	-0.00000000	NAN	NAN	NAN	NAN	NAN	NAN	NAN	NAN	NAN	NAN	NONE	NAN	NAN	NONE	NONE	NAN	XXX		ANG002	0.00000000	0.00000000		BEDDING	50.00000000	80.00000000	NAN	NAN	50.00000000	80.00000000	NAN	NAN	NAN		PLANE	0.00 0.00 0.00	   	NAN	NAN	NAN	NAN	NAN	NAN	NAN	NAN	NAN	0.13399615	0.11045790	-0.98480662	0.13399615	0.11045790	-0.98480662	0.75990100	0.62641404	0.17365459	50.50000000	79.99962691	50.50000000	79.99962691	NORMAL	NAN	NAN	NAN	NAN	NAN	NAN	NAN	NAN	NAN	NAN	NAN	NAN	NAN	NAN	NAN
ANG_040	39	0.76533937	0.61975960	0.17364818	0.13494998	0.10928034	-0.98480775	-0.62932039	0.77714596	0.00000000	NAN	NAN	NAN	NAN	NAN	NAN	NAN	NAN	NAN	NAN	NONE	NAN	NAN	NONE	NONE	NAN	XXX		ANG002	0.00000000	0.00000000		BEDDING	51.00000000	80.00000000	NAN	NAN	51.00000000	80.00000000	NAN	NAN	NAN		PLANE	0.00 0.00 0.00	   	NAN	NAN	NAN	NAN	NAN	NAN	NAN	NAN	NAN	0.13399615	0.11045790	-0.98480662	0.13399615	0.11045790	-0.98480662	0.75990100	0.62641404	0.17365459	50.50000000	79.99962691	50.50000000	79.99962691	NORMAL	NAN	NAN	NAN	NAN	NAN	NAN	NAN	NAN	NAN	NAN	NAN	NAN	NAN	NAN	NAN
