NAME_ID s	iID i	N.X d	N.Y d	N.Z d	D.X d	D.Y d	D.Z d	S.X d	S.Y d	S.Z d	NC.X d	NC.Y d	NC.Z d	DC.X d	DC.Y d	DC.Z d	SC.X d	SC.Y d	SC.Z d	LPITCH  d	LPITCHSENSE s	PITCHANGLE  d	MISFIT d	LINEATION s	OFFSET s	DEPTH d	GC s	COLOR s	LOC s	LOCX d	LOCY d	FORMATION s	DATATYPE s	DIPDIR d	DIP d	LDIR d	LDIP d	corr.DIPDIR d	corr.DIP d	corrL.DIPDIR d	corrL.DIP d	PALEON d	COMMENT s	DATAGROUP s	PSCOLOR s	DASHED s	ptnP.X d	ptnP.Y d	ptnP.Z d	ptnT.X d	ptnT.Y d	ptnT.Z d	ptnN.X d	ptnN.Y d	ptnN.Z d	avD.X d	avD.Y d	avD.Z d	avS0D.X d	avS0D.Y d	avS0D.Z d	avS0N.X d	avS0N.Y d	avS0N.Z d	avS0d.DIPDIR d	avS0d.DIP d	avd.DIPDIR d	avd.DIP d	avS0offset s	TRAJECTORY.X d	TRAJECTORY.Y d	TRAJECTORY.Z d	fold_great_circle_N.X d	fold_great_circle_N.Y d	fold_great_circle_N.Z d	SHEAR_S.X d	SHEAR_S.Y d	SHEAR_S.Z d	NORMAL_S.X d	NORMAL_S.Y d	NORMAL_S.Z d	UPSILON.X d	UPSILON.Y d	UPSILON.Z d	lambda d	ANG d	RUP d
ANG_001	0	-0.62861640	0.77430299	0.07277574	-0.04586966	0.05650029	-0.99734833	-0.77636164	-0.63028771	0.00000000	-0.05189600	-0.04255597	0.99774536	-0.77151524	-0.63266107	0.06711338	0.62837857	-0.76629283	-0.00000000	80.00000000	E	176.14154748	NAN	PITCH	SINISTRAL	NAN	XXA		ANG002	0.00000000	0.00000000		STRIAE	151.00000000	61.00000000	NAN	NAN	320.92864729	85.82656762	50.64742256	3.84820576	30.00000000		STRIAE	0.00 0.00 0.00	   	NAN	NAN	NAN	NAN	NAN	NAN	NAN	NAN	NAN	NAN	NAN	NAN	-0.10345712	-0.99463381	-0.00044721	-0.00004627	-0.00044481	0.99999990	185.93828269	0.02562345	NAN	NAN	NORMAL	NAN	NAN	NAN	NAN	NAN	NAN	-11.52666285	-9.64041038	3.00579910	-4.96519594	6.11591752	0.57482722	10.85851105	9.09250982	-2.94767721	0.86602540	7.48364207	24164.39484602
ANG_002	1	0.61750622	-0.73798591	0.27214493	0.17464286	-0.20871688	-0.96225627	0.76693282	0.64172740	0.00000000	0.16510166	0.12224592	0.97867123	0.78653588	0.58237332	-0.20543277	-0.59506533	0.80367733	0.00000000	80.00000000	S	12.32699516	NAN	PITCH	SINISTRAL	NAN	XXA		ANG002	0.00000000	0.00000000		STRIAE	128.00000000	59.00000000	NAN	NAN	140.07925171	74.20805708	53.48271027	11.85483399	30.00000000		STRIAE	0.00 0.00 0.00	   	NAN	NAN	NAN	NAN	NAN	NAN	NAN	NAN	NAN	NAN	NAN	NAN	-0.10345712	-0.99463381	-0.00044721	-0.00004627	-0.00044481	0.99999990	185.93828269	0.02562345	NAN	NAN	NORMAL	NAN	NAN	NAN	NAN	NAN	NAN	12.97697273	9.08859705	-4.79929834	3.37657363	-4.03536630	1.48811038	-12.29581268	-8.58424695	4.62138835	0.86602540	5.20798551	28432.59958788
ANG_003	2	-0.81510698	0.21758137	0.53689753	-0.51873435	0.13846886	-0.84364747	-0.25790556	-0.96617013	0.00000000	-0.06698295	0.50983929	0.85765796	-0.11171949	0.85035048	-0.51422059	-0.99147972	-0.13026113	-0.00000000	58.00000000	W	142.44514543	NAN	PITCH	DEXTRAL	NAN	XXA		ANG002	0.00000000	0.00000000		STRIAE	352.00000000	80.00000000	NAN	NAN	284.94582189	57.52731129	352.51531785	30.94537266	30.00000000		STRIAE	0.00 0.00 0.00	   	NAN	NAN	NAN	NAN	NAN	NAN	NAN	NAN	NAN	NAN	NAN	NAN	-0.10345712	-0.99463381	-0.00044721	-0.00004627	-0.00044481	0.99999990	185.93828269	0.02562345	NAN	NAN	NORMAL	NAN	NAN	NAN	NAN	NAN	NAN	-2.52775265	5.90403051	-6.23023155	-10.06644856	2.68709724	6.63060365	2.43100073	-5.16760539	5.78490345	0.86602540	18.06708971	7630.14776533
ANG_004	3	-0.99260191	-0.01224455	0.12079538	-0.12078619	-0.00149000	-0.99267743	0.01233487	-0.99992392	0.00000000	-0.01912899	0.33929381	0.94048593	-0.05293943	0.93899479	-0.33983262	-0.99841449	-0.05628944	-0.00000000	78.00000000	W	159.98053146	NAN	PITCH	DEXTRAL	NAN	XXA		ANG002	0.00000000	0.00000000		STRIAE	324.00000000	68.00000000	NAN	NAN	269.29324586	83.06199154	356.77314683	19.86667652	30.00000000		STRIAE	0.00 0.00 0.00	   	NAN	NAN	NAN	NAN	NAN	NAN	NAN	NAN	NAN	NAN	NAN	NAN	-0.10345712	-0.99463381	-0.00044721	-0.00004627	-0.00044481	0.99999990	185.93828269	0.02562345	NAN	NAN	NORMAL	NAN	NAN	NAN	NAN	NAN	NAN	-0.46956737	11.44754050	-2.69814517	-12.55387770	-0.15486228	1.52775289	0.42372048	-10.63434717	2.40384149	0.86602540	6.66830232	13746.40190009
ANG_005	4	0.98999840	0.13159168	0.05086066	0.05041722	0.00670151	-0.99870576	-0.13176221	0.99128135	-0.00000000	0.04539138	-0.41602145	0.90822122	0.09850982	-0.90286300	0.41849041	0.64589834	0.07047285	-0.00000000	78.00000000	W	24.77353542	NAN	PITCH	DEXTRAL	NAN	XXA		ANG002	0.00000000	0.00000000		STRIAE	312.00000000	63.00000000	NAN	NAN	82.42856431	87.08464098	353.77318815	24.73931748	30.00000000		STRIAE	0.00 0.00 0.00	   	NAN	NAN	NAN	NAN	NAN	NAN	NAN	NAN	NAN	NAN	NAN	NAN	-0.10345712	-0.99463381	-0.00044721	-0.00004627	-0.00044481	0.99999990	185.93828269	0.02562345	NAN	NAN	NORMAL	NAN	NAN	NAN	NAN	NAN	NAN	1.69916621	-13.30201632	1.34215437	10.22759084	1.35946267	0.52543724	-1.61385420	12.52011403	-0.97973105	0.86602540	19.05067020	18511.88810375
ANG_006	5	-0.38121990	0.34205450	0.85887724	-0.63926770	0.57359124	-0.51218150	-0.66783845	-0.74430626	0.00000000	0.06036064	-0.41227635	0.90905709	0.13168948	-0.89946800	0.41667157	0.64588393	0.09456270	-0.00000000	59.00000000	W	125.55839312	NAN	PITCH	REVERSE	NAN	XXC		ANG002	0.00000000	0.00000000		STRIAE	202.00000000	88.00000000	NAN	NAN	311.90045356	30.80924815	351.67060660	24.62462753	30.00000000		STRIAE	0.00 0.00 0.00	   	NAN	NAN	NAN	NAN	NAN	NAN	NAN	NAN	NAN	NAN	NAN	NAN	-0.10345712	-0.99463381	-0.00044721	-0.00004627	-0.00044481	0.99999990	185.93828269	0.02562345	NAN	NAN	NORMAL	NAN	NAN	NAN	NAN	NAN	NAN	-5.52783999	2.12806984	-3.30109863	-2.20149505	1.97532000	4.95990370	5.64188643	-2.90703198	3.66194680	0.86602540	126.33228284	6199.76868872
ANG_007	6	-0.87304843	0.18589399	0.45081023	-0.44092587	0.09388422	-0.89261981	-0.20825663	-0.97807422	0.00000000	-0.02127106	0.44920592	0.89317500	-0.04224681	0.89217531	-0.44970926	-0.99888075	-0.04729958	-0.00000000	65.00000000	W	149.74772420	NAN	PITCH	DEXTRAL	NAN	XXA		ANG002	0.00000000	0.00000000		STRIAE	346.00000000	78.00000000	NAN	NAN	282.02020561	63.20432046	357.28892195	26.72503199	30.00000000		STRIAE	0.00 0.00 0.00	   	NAN	NAN	NAN	NAN	NAN	NAN	NAN	NAN	NAN	NAN	NAN	NAN	-0.10345712	-0.99463381	-0.00044721	-0.00004627	-0.00044481	0.99999990	185.93828269	0.02562345	NAN	NAN	NORMAL	NAN	NAN	NAN	NAN	NAN	NAN	-1.58226736	6.69780716	-5.82612804	-11.55196831	2.45970490	5.96501334	1.54568055	-5.92516067	5.43666839	0.86602540	16.12076715	7742.73136876
ANG_008	7	-0.98515044	-0.16436513	0.04962574	-0.04894913	-0.00816680	-0.99876788	0.16456789	-0.98636576	0.00000000	-0.06198942	0.33440667	0.94038795	-0.17140099	0.92463571	-0.34010367	-0.98324921	-0.18226626	-0.00000000	80.00000000	W	160.09124423	NAN	PITCH	DEXTRAL	NAN	XXA		ANG002	0.00000000	0.00000000		STRIAE	318.00000000	60.00000000	NAN	NAN	260.52786651	87.15548648	349.49820931	19.88319059	30.00000000		STRIAE	0.00 0.00 0.00	   	NAN	NAN	NAN	NAN	NAN	NAN	NAN	NAN	NAN	NAN	NAN	NAN	-0.10345712	-0.99463381	-0.00044721	-0.00004627	-0.00044481	0.99999990	185.93828269	0.02562345	NAN	NAN	NORMAL	NAN	NAN	NAN	NAN	NAN	NAN	-2.52260972	14.37490527	-2.46680356	-8.87941444	-1.48146519	0.44728952	2.37417211	-13.57414725	2.17226514	0.86602540	10.30323268	22471.96235590
ANG_009	8	-0.52737062	0.78427065	0.32680235	-0.18235879	0.27119190	-0.94509271	-0.82983462	-0.55800941	0.00000000	-0.24179695	-0.20715630	0.94795596	-0.71988631	-0.61675295	0.31840148	0.51869577	-0.60543201	-0.00000000	86.00000000	E	160.31189906	NAN	PITCH	SINISTRAL	NAN	XXA		ANG002	0.00000000	0.00000000		STRIAE	169.00000000	61.00000000	NAN	NAN	326.08175341	70.92519441	49.41212607	18.56628048	30.00000000		STRIAE	0.00 0.00 0.00	   	NAN	NAN	NAN	NAN	NAN	NAN	NAN	NAN	NAN	NAN	NAN	NAN	-0.10345712	-0.99463381	-0.00044721	-0.00004627	-0.00044481	0.99999990	185.93828269	0.02562345	NAN	NAN	NORMAL	NAN	NAN	NAN	NAN	NAN	NAN	-11.51095540	-8.43991440	1.67880504	-3.44082845	5.11697210	2.13222120	10.88751557	7.90579067	-1.40306127	0.86602540	12.58831748	21131.95543041
ANG_010	9	-0.52755189	0.83394232	0.16195434	-0.08658235	0.13686746	-0.98679825	-0.84509911	-0.53460967	0.00000000	-0.23385360	-0.16450330	0.95825423	-0.78376163	-0.55133371	0.28591754	0.48128348	-0.68418005	-0.00000000	88.00000000	E	163.15745069	NAN	PITCH	SINISTRAL	NAN	XXA		ANG002	0.00000000	0.00000000		STRIAE	159.00000000	56.00000000	NAN	NAN	327.68255577	80.67964891	54.87569664	16.61370206	30.00000000		STRIAE	0.00 0.00 0.00	   	NAN	NAN	NAN	NAN	NAN	NAN	NAN	NAN	NAN	NAN	NAN	NAN	-0.10345712	-0.99463381	-0.00044721	-0.00004627	-0.00044481	0.99999990	185.93828269	0.02562345	NAN	NAN	NORMAL	NAN	NAN	NAN	NAN	NAN	NAN	-13.11953341	-8.93347446	3.26491887	-2.54589076	4.02448761	0.78156870	12.44077593	8.45600545	-3.01730702	0.86602540	5.06124872	27179.46546780
ANG_011	10	-0.99760988	0.01491520	0.06746904	-0.06746150	0.00100861	-0.99772137	-0.01494926	-0.99988825	0.00000000	-0.01224213	0.50235993	0.86457193	-0.02106271	0.86431533	-0.50250908	-0.99970320	-0.02436201	-0.00000000	69.00000000	W	149.75777664	NAN	PITCH	DEXTRAL	NAN	XXA		ANG002	0.00000000	0.00000000		STRIAE	321.00000000	70.00000000	NAN	NAN	270.85656163	86.13136997	358.60402147	30.16613855	30.00000000		STRIAE	0.00 0.00 0.00	   	NAN	NAN	NAN	NAN	NAN	NAN	NAN	NAN	NAN	NAN	NAN	NAN	-0.10345712	-0.99463381	-0.00044721	-0.00004627	-0.00044481	0.99999990	185.93828269	0.02562345	NAN	NAN	NORMAL	NAN	NAN	NAN	NAN	NAN	NAN	0.02486265	10.47936161	-1.94902068	-13.46229116	0.20127384	0.91046397	-0.04310349	-9.73084258	1.51383505	0.86602540	19.68204934	11198.61511795
ANG_012	11	0.93229623	0.35798737	0.05166025	0.04822705	0.01851844	-0.99866472	-0.35846602	0.93354277	0.00000000	0.07049952	-0.18963113	0.97932112	0.34126335	-0.91793746	0.20231201	0.86059088	0.31994350	-0.00000000	86.00000000	N	11.68801826	NAN	PITCH	DEXTRAL	NAN	XXA		ANG002	0.00000000	0.00000000		STRIAE	308.00000000	50.00000000	NAN	NAN	68.99398080	87.03876777	339.60628073	11.67219176	30.00000000		STRIAE	0.00 0.00 0.00	   	NAN	NAN	NAN	NAN	NAN	NAN	NAN	NAN	NAN	NAN	NAN	NAN	-0.10345712	-0.99463381	-0.00044721	-0.00004627	-0.00044481	0.99999990	185.93828269	0.02562345	NAN	NAN	NORMAL	NAN	NAN	NAN	NAN	NAN	NAN	5.81118674	-15.55087625	2.88945239	2.95856680	1.13604402	0.16393962	-5.51564402	14.75591909	-2.71424505	0.86602540	1.80121202	29505.67065485
ANG_013	12	-0.92719149	-0.29121777	0.23560166	-0.22477535	-0.07059877	-0.97184971	0.29965310	-0.95404823	0.00000000	-0.07624781	0.20358820	0.97608305	-0.34234078	0.91407927	-0.21739798	-0.93647694	-0.35072915	-0.00000000	79.00000000	W	167.07384505	NAN	PITCH	DEXTRAL	NAN	XXA		ANG002	0.00000000	0.00000000		STRIAE	330.00000000	51.00000000	NAN	NAN	252.56323154	76.37290879	339.46808046	12.55624970	30.00000000		STRIAE	0.00 0.00 0.00	   	NAN	NAN	NAN	NAN	NAN	NAN	NAN	NAN	NAN	NAN	NAN	NAN	-0.10345712	-0.99463381	-0.00044721	-0.00004627	-0.00044481	0.99999990	185.93828269	0.02562345	NAN	NAN	NORMAL	NAN	NAN	NAN	NAN	NAN	NAN	-5.90481435	16.03561251	-3.41694642	-3.17270859	-0.99650303	0.80619313	5.60833854	-15.24399664	3.22867425	0.86602540	1.28643122	31668.49736873
ANG_014	13	-0.84725664	-0.09373971	0.52284706	-0.51967606	-0.05749649	-0.85242651	0.10996809	-0.99393512	0.00000000	-0.01989305	0.10985051	0.99374903	-0.17707982	0.97784450	-0.11163721	-0.98399543	-0.17819370	-0.00000000	77.00000000	W	172.47469635	NAN	PITCH	DEXTRAL	NAN	XXA		ANG002	0.00000000	0.00000000		STRIAE	351.00000000	62.00000000	NAN	NAN	263.68652403	58.47657867	349.73543431	6.40970237	30.00000000		STRIAE	0.00 0.00 0.00	   	NAN	NAN	NAN	NAN	NAN	NAN	NAN	NAN	NAN	NAN	NAN	NAN	-0.10345712	-0.99463381	-0.00044721	-0.00004627	-0.00044481	0.99999990	185.93828269	0.02562345	NAN	NAN	NORMAL	NAN	NAN	NAN	NAN	NAN	NAN	-4.39656782	13.68743333	-4.67051531	-5.36398910	-0.59346693	3.31014926	4.24321220	-12.84059515	4.57383465	0.86602540	13.72680503	23533.45481509
ANG_015	14	-0.97486270	-0.10774451	0.19502268	-0.19384235	-0.02142399	-0.98079873	0.10985384	-0.99394775	0.00000000	-0.02897804	0.19236044	0.98089639	-0.14611797	0.96995220	-0.19453089	-0.98884266	-0.14896371	-0.00000000	84.00000000	W	168.56014012	NAN	PITCH	DEXTRAL	NAN	XXA		ANG002	0.00000000	0.00000000		STRIAE	328.00000000	62.00000000	NAN	NAN	263.69310975	78.75395174	351.43312295	11.21732074	30.00000000		STRIAE	0.00 0.00 0.00	   	NAN	NAN	NAN	NAN	NAN	NAN	NAN	NAN	NAN	NAN	NAN	NAN	-0.10345712	-0.99463381	-0.00044721	-0.00004627	-0.00044481	0.99999990	185.93828269	0.02562345	NAN	NAN	NORMAL	NAN	NAN	NAN	NAN	NAN	NAN	-2.24255308	13.86197579	-3.55153353	-9.45258812	-1.04472606	1.89100377	2.11601121	-13.02197255	3.38306483	0.86602540	3.03753566	21419.04836211
ANG_016	15	0.97365954	0.18628621	0.13147071	0.12912854	0.02470562	-0.99132006	-0.18791732	0.98218485	0.00000000	0.05614851	-0.50583677	0.86079992	0.09496660	-0.85554535	0.50894350	0.47901104	0.05317082	-0.00000000	75.00000000	S	30.89055429	NAN	PITCH	DEXTRAL	NAN	XXA		ANG002	0.00000000	0.00000000		STRIAE	306.00000000	61.00000000	NAN	NAN	79.16873347	82.44541253	353.66602623	30.59348265	30.00000000		STRIAE	0.00 0.00 0.00	   	NAN	NAN	NAN	NAN	NAN	NAN	NAN	NAN	NAN	NAN	NAN	NAN	-0.10345712	-0.99463381	-0.00044721	-0.00004627	-0.00044481	0.99999990	185.93828269	0.02562345	NAN	NAN	NORMAL	NAN	NAN	NAN	NAN	NAN	NAN	2.49492627	-13.74007990	0.99169369	8.72866548	1.67001911	1.17860898	-2.41268278	12.99915588	-0.55093569	0.86602540	26.79294217	20219.10919773
ANG_017	16	0.62608745	-0.71957863	0.30036828	0.19716105	-0.22660234	-0.95382331	0.75441502	0.65639773	0.00000000	0.20729119	0.15184093	0.96642366	0.77963834	0.57108559	-0.25695390	-0.59092675	0.80672522	0.00000000	76.00000000	S	15.62818587	NAN	PITCH	SINISTRAL	NAN	XXA		ANG002	0.00000000	0.00000000		STRIAE	126.00000000	60.00000000	NAN	NAN	138.97428162	72.52027600	53.77719953	14.88939361	30.00000000		STRIAE	0.00 0.00 0.00	   	NAN	NAN	NAN	NAN	NAN	NAN	NAN	NAN	NAN	NAN	NAN	NAN	-0.10345712	-0.99463381	-0.00044721	-0.00004627	-0.00044481	0.99999990	185.93828269	0.02562345	NAN	NAN	NORMAL	NAN	NAN	NAN	NAN	NAN	NAN	12.70829105	9.00372333	-4.91934338	3.59837410	-4.13570514	1.72633619	-12.03310444	-8.50914870	4.69681477	0.86602540	2.77919618	27627.51323420
ANG_018	17	0.67205444	-0.69565810	0.25377674	0.17632414	-0.18251694	-0.96726282	0.71920277	0.69480024	0.00000000	0.11151830	0.09949397	0.98876925	0.73780977	0.65825630	-0.14945026	-0.66573299	0.74619005	0.00000000	85.00000000	S	8.88828786	NAN	PITCH	SINISTRAL	NAN	XXA		ANG002	0.00000000	0.00000000		STRIAE	129.00000000	63.00000000	NAN	NAN	135.98869908	75.29888658	48.26141718	8.59506960	30.00000000		STRIAE	0.00 0.00 0.00	   	NAN	NAN	NAN	NAN	NAN	NAN	NAN	NAN	NAN	NAN	NAN	NAN	-0.10345712	-0.99463381	-0.00044721	-0.00004627	-0.00044481	0.99999990	185.93828269	0.02562345	NAN	NAN	NORMAL	NAN	NAN	NAN	NAN	NAN	NAN	11.40347201	9.19689186	-4.98809160	5.21352625	-5.39663392	1.96869722	-10.76451001	-8.62682518	4.85866388	0.86602540	10.57620122	24699.43747683
ANG_019	18	-0.71384888	0.65065144	0.25898354	-0.19140553	0.17446030	-0.96588174	-0.67363469	-0.73906448	0.00000000	-0.13045482	-0.12944897	0.98296719	-0.69774750	-0.69236762	-0.18378111	0.70436493	-0.70983804	-0.00000000	63.00000000	E	10.96871001	NAN	PITCH	SINISTRAL	NAN	XXA		ANG002	0.00000000	0.00000000		STRIAE	160.00000000	72.00000000	NAN	NAN	312.34821558	74.99024246	225.22173910	10.59007655	30.00000000		STRIAE	0.00 0.00 0.00	   	NAN	NAN	NAN	NAN	NAN	NAN	NAN	NAN	NAN	NAN	NAN	NAN	-0.10345712	-0.99463381	-0.00044721	-0.00004627	-0.00044481	0.99999990	185.93828269	0.02562345	NAN	NAN	NORMAL	NAN	NAN	NAN	NAN	NAN	NAN	-7.33817580	-7.91504960	-0.34137361	-8.77985943	8.00257360	3.18532274	6.73390874	7.31544165	0.18221450	0.86602540	9.09314546	11419.34348314
ANG_020	19	0.54004944	-0.83594985	0.09764451	0.05298606	-0.08201785	-0.99522136	0.83996374	0.54264254	0.00000000	0.10723414	0.06738775	0.99194744	0.83987742	0.52779319	-0.12665019	-0.53207777	0.84669548	-0.00000000	89.00000000	E	7.31118918	NAN	PITCH	SINISTRAL	NAN	XXA		ANG002	0.00000000	0.00000000		STRIAE	141.00000000	53.00000000	NAN	NAN	147.13629041	84.39645319	57.85405051	7.27606213	30.00000000		STRIAE	0.00 0.00 0.00	   	NAN	NAN	NAN	NAN	NAN	NAN	NAN	NAN	NAN	NAN	NAN	NAN	-0.10345712	-0.99463381	-0.00044721	-0.00004627	-0.00044481	0.99999990	185.93828269	0.02562345	NAN	NAN	NORMAL	NAN	NAN	NAN	NAN	NAN	NAN	14.46648905	8.84511306	-4.28645108	1.68326707	-2.60555191	0.30434581	-13.73913387	-8.38803075	4.17676880	0.86602540	6.94519877	31935.35151152
ANG_021	20	0.79209582	0.50713846	0.33969808	0.28608565	0.18316602	-0.94053454	-0.53920238	0.84217622	-0.00000000	0.15966616	-0.36570192	0.91693447	0.36689105	-0.84033313	0.39903782	0.62460152	0.27270222	-0.00000000	79.00000000	N	25.10427923	NAN	PITCH	DEXTRAL	NAN	XXA		ANG002	0.00000000	0.00000000		STRIAE	281.00000000	47.00000000	NAN	NAN	57.37064193	70.14151924	336.41382628	23.51804160	30.00000000		STRIAE	0.00 0.00 0.00	   	NAN	NAN	NAN	NAN	NAN	NAN	NAN	NAN	NAN	NAN	NAN	NAN	-0.10345712	-0.99463381	-0.00044721	-0.00004627	-0.00044481	0.99999990	185.93828269	0.02562345	NAN	NAN	NORMAL	NAN	NAN	NAN	NAN	NAN	NAN	6.46004202	-12.85873702	4.13363482	-0.81066989	-0.51903049	-0.34766376	-6.14230504	12.13098718	-3.78805793	0.86602540	8.03406634	23006.03921626
ANG_022	21	-0.89256756	-0.39034983	0.22572141	-0.20680896	-0.09044451	-0.97419189	0.40069090	-0.91621329	0.00000000	-0.19583032	0.34746736	0.91701522	-0.45024043	0.79887450	-0.39885220	-0.87116820	-0.49098469	-0.00000000	67.00000000	W	155.83168775	NAN	PITCH	DEXTRAL	NAN	XXA		ANG002	0.00000000	0.00000000		STRIAE	329.00000000	45.00000000	NAN	NAN	246.37862282	76.95469681	330.59467725	23.50644364	30.00000000		STRIAE	0.00 0.00 0.00	   	NAN	NAN	NAN	NAN	NAN	NAN	NAN	NAN	NAN	NAN	NAN	NAN	-0.10345712	-0.99463381	-0.00044721	-0.00004627	-0.00044481	0.99999990	185.93828269	0.02562345	NAN	NAN	NORMAL	NAN	NAN	NAN	NAN	NAN	NAN	-7.73454071	15.90310989	-3.08266707	0.15381011	0.06726634	-0.03889704	7.34462106	-15.21126427	2.73725093	0.86602540	14.01532734	33811.77511926
ANG_023	22	-0.25436995	0.54439632	0.79933008	-0.33837277	0.72417708	-0.60089219	-0.90598002	-0.42332045	0.00000000	-0.02816078	-0.55243332	0.83308127	-0.04241199	-0.83200097	0.55315062	0.38754559	-0.01975548	-0.00000000	66.00000000	W	112.99354615	NAN	PITCH	REVERSE	NAN	XXB		ANG002	0.00000000	0.00000000		STRIAE	204.00000000	74.00000000	NAN	NAN	334.95560043	36.93382259	2.91817731	33.58342816	30.00000000		STRIAE	0.00 0.00 0.00	   	NAN	NAN	NAN	NAN	NAN	NAN	NAN	NAN	NAN	NAN	NAN	NAN	-0.10345712	-0.99463381	-0.00044721	-0.00004627	-0.00044481	0.99999990	185.93828269	0.02562345	NAN	NAN	NORMAL	NAN	NAN	NAN	NAN	NAN	NAN	-7.15110021	-2.62965840	-0.48471673	-1.07957735	2.31048490	3.39245515	7.11437035	1.90912442	0.96375922	0.86602540	73.07150974	6372.54439205
ANG_024	23	0.84729998	0.51400792	0.13371087	0.11431977	0.06935119	-0.99102038	-0.51866533	0.85497735	-0.00000000	0.18379403	-0.34646853	0.91988006	0.43107737	-0.81262022	0.39219980	0.61162824	0.32445550	-0.00000000	89.00000000	N	23.31297713	NAN	PITCH	DEXTRAL	NAN	XXA		ANG002	0.00000000	0.00000000		STRIAE	297.00000000	42.00000000	NAN	NAN	58.75723276	82.31591755	332.05502087	23.09144683	30.00000000		STRIAE	0.00 0.00 0.00	   	NAN	NAN	NAN	NAN	NAN	NAN	NAN	NAN	NAN	NAN	NAN	NAN	-0.10345712	-0.99463381	-0.00044721	-0.00004627	-0.00044481	0.99999990	185.93828269	0.02562345	NAN	NAN	NORMAL	NAN	NAN	NAN	NAN	NAN	NAN	7.89681850	-14.09024742	4.12475482	-1.81543644	-1.10132034	-0.28649073	-7.52349454	13.38649766	-3.78509983	0.86602540	8.85504827	28882.32486739
ANG_025	24	0.95728369	0.26849875	0.10731426	0.10332689	0.02898111	-0.99422515	-0.27005830	0.96284397	0.00000000	0.05678673	-0.22449341	0.97281960	0.23856548	-0.94311425	0.23156430	0.86549537	0.21893140	-0.00000000	87.00000000	N	13.46841613	NAN	PITCH	DEXTRAL	NAN	XXA		ANG002	0.00000000	0.00000000		STRIAE	306.00000000	56.00000000	NAN	NAN	74.33226419	83.83948260	345.80451705	13.38918616	30.00000000		STRIAE	0.00 0.00 0.00	   	NAN	NAN	NAN	NAN	NAN	NAN	NAN	NAN	NAN	NAN	NAN	NAN	-0.10345712	-0.99463381	-0.00044721	-0.00004627	-0.00044481	0.99999990	185.93828269	0.02562345	NAN	NAN	NORMAL	NAN	NAN	NAN	NAN	NAN	NAN	3.95843581	-14.87675381	1.91068493	6.15216679	1.72555858	0.68967562	-3.75183205	14.05999291	-1.71014437	0.86602540	6.35198397	24789.60053245
ANG_026	25	0.82857456	-0.51028780	0.23037049	0.19615511	-0.12080453	-0.97310299	0.52439239	0.85147673	0.00000000	0.51236338	0.50027925	0.69800031	0.49941499	0.48763624	-0.71609745	-0.69861895	0.71549393	0.00000000	50.00000000	S	47.38253371	NAN	PITCH	NORMAL	NAN	XXA		ANG002	0.00000000	0.00000000		STRIAE	129.00000000	77.00000000	NAN	NAN	121.62734818	76.68111481	45.68369326	45.73321183	30.00000000		STRIAE	0.00 0.00 0.00	   	NAN	NAN	NAN	NAN	NAN	NAN	NAN	NAN	NAN	NAN	NAN	NAN	-0.10345712	-0.99463381	-0.00044721	-0.00004627	-0.00044481	0.99999990	185.93828269	0.02562345	NAN	NAN	NORMAL	NAN	NAN	NAN	NAN	NAN	NAN	5.37987905	6.48799532	-4.97844142	11.35303703	-6.99190712	3.15651105	-4.94737298	-6.06568995	4.35828283	0.86602540	15.87309421	9268.05643708
ANG_027	26	-0.63516709	0.77116998	0.04312345	-0.02741610	0.03328648	-0.99906975	-0.77188803	-0.63575850	0.00000000	-0.48871838	-0.43410161	0.75677615	-0.56580244	-0.50257113	0.65367413	0.09657285	-0.10872323	-0.00000000	62.00000000	W	139.13471174	NAN	PITCH	SINISTRAL	NAN	XXA		ANG002	0.00000000	0.00000000		STRIAE	149.00000000	61.00000000	NAN	NAN	320.52373630	87.52844171	48.38707898	40.81919147	30.00000000		STRIAE	0.00 0.00 0.00	   	NAN	NAN	NAN	NAN	NAN	NAN	NAN	NAN	NAN	NAN	NAN	NAN	-0.10345712	-0.99463381	-0.00044721	-0.00004627	-0.00044481	0.99999990	185.93828269	0.02562345	NAN	NAN	NORMAL	NAN	NAN	NAN	NAN	NAN	NAN	-11.54595320	-9.68905510	3.20704833	-5.03439704	6.11236942	0.34180075	11.05595392	9.25381574	-2.64094993	0.86602540	28.84214182	24807.79874261
ANG_028	27	-0.91432696	-0.16281584	0.37080618	-0.36506335	-0.06500748	-0.92871028	0.17531392	-0.98451258	0.00000000	-0.01653058	0.28128647	0.95948145	-0.05628949	0.95782888	0.28177179	-0.83976045	-0.04935086	-0.00000000	74.00000000	E	17.66200040	NAN	PITCH	DEXTRAL	NAN	XXA		ANG002	0.00000000	0.00000000		STRIAE	340.00000000	58.00000000	NAN	NAN	259.90307314	68.23465505	176.63672203	16.36597894	30.00000000		STRIAE	0.00 0.00 0.00	   	NAN	NAN	NAN	NAN	NAN	NAN	NAN	NAN	NAN	NAN	NAN	NAN	-0.10345712	-0.99463381	-0.00044721	-0.00004627	-0.00044481	0.99999990	185.93828269	0.02562345	NAN	NAN	NORMAL	NAN	NAN	NAN	NAN	NAN	NAN	-4.35532449	14.92509379	-4.18587661	-5.74872604	-1.02368595	2.33140139	4.30657637	-14.09558965	4.42989813	0.86602540	33.91796256	27349.80336954
ANG_029	28	-0.69489911	0.70755944	0.12835443	-0.08993731	0.09157587	-0.99172836	-0.71346093	-0.70069501	0.00000000	-0.26319426	-0.28854100	0.92058290	-0.62039140	-0.68013777	0.39054721	0.51343432	-0.46833193	-0.00000000	81.00000000	W	156.80855780	NAN	PITCH	SINISTRAL	NAN	XXA		ANG002	0.00000000	0.00000000		STRIAE	153.00000000	67.00000000	NAN	NAN	315.51720860	82.62548867	42.36967880	22.98855280	30.00000000		STRIAE	0.00 0.00 0.00	   	NAN	NAN	NAN	NAN	NAN	NAN	NAN	NAN	NAN	NAN	NAN	NAN	-0.10345712	-0.99463381	-0.00044721	-0.00004627	-0.00044481	0.99999990	185.93828269	0.02562345	NAN	NAN	NORMAL	NAN	NAN	NAN	NAN	NAN	NAN	-9.10120604	-9.25796153	1.76182526	-7.51156638	7.64841918	1.38745724	8.56393133	8.66894494	-1.42360146	0.86602540	15.39823811	17380.34087671
ANG_030	29	0.57933868	-0.71869598	0.38450329	0.24130856	-0.29935424	-0.92312362	0.77854793	0.62758516	0.00000000	0.41068254	0.20435796	0.88858183	0.79553220	0.39586133	-0.45871813	-0.44549788	0.89528299	0.00000000	58.00000000	S	29.79640441	NAN	PITCH	SINISTRAL	NAN	XXA		ANG002	0.00000000	0.00000000		STRIAE	120.00000000	58.00000000	NAN	NAN	141.12781646	67.38709243	63.54480233	27.30442172	30.00000000		STRIAE	0.00 0.00 0.00	   	NAN	NAN	NAN	NAN	NAN	NAN	NAN	NAN	NAN	NAN	NAN	NAN	-0.10345712	-0.99463381	-0.00044721	-0.00004627	-0.00044481	0.99999990	185.93828269	0.02562345	NAN	NAN	NORMAL	NAN	NAN	NAN	NAN	NAN	NAN	13.61350396	8.48549586	-4.65103340	2.15381756	-2.67190863	1.42947463	-12.92455286	-8.14266989	4.25377184	0.86602540	12.23913825	29033.98832821
ANG_031	30	0.72368893	-0.59244071	0.35396093	0.27388913	-0.22421660	-0.93526021	0.63345014	0.77378351	0.00000000	0.01963110	0.02457140	0.99950531	0.62388166	0.78088574	0.03145050	-0.77972666	0.62295563	0.00000000	85.00000000	N	178.07292049	NAN	PITCH	SINISTRAL	NAN	XXA		ANG002	0.00000000	0.00000000		STRIAE	122.00000000	69.00000000	NAN	NAN	129.30512870	69.27022435	218.62279278	1.80227821	30.00000000		STRIAE	0.00 0.00 0.00	   	NAN	NAN	NAN	NAN	NAN	NAN	NAN	NAN	NAN	NAN	NAN	NAN	-0.10345712	-0.99463381	-0.00044721	-0.00004627	-0.00044481	0.99999990	185.93828269	0.02562345	NAN	NAN	NORMAL	NAN	NAN	NAN	NAN	NAN	NAN	9.41665870	8.06727747	-5.75020541	6.91834621	-5.66363499	3.38380783	-8.87636133	-7.39101058	5.77744234	0.86602540	28.65930064	19259.90474534
ANG_032	31	0.67793864	-0.70922997	0.19337024	0.13361502	-0.13978224	-0.98112586	0.72287359	0.69098030	0.00000000	0.14838600	0.13094544	0.98022186	0.73496664	0.64858225	-0.19790177	-0.66166883	0.74979621	0.00000000	84.00000000	S	11.63690610	NAN	PITCH	SINISTRAL	NAN	XXA		ANG002	0.00000000	0.00000000		STRIAE	133.00000000	63.00000000	NAN	NAN	136.29224187	78.85046686	48.57272847	11.41428728	30.00000000		STRIAE	0.00 0.00 0.00	   	NAN	NAN	NAN	NAN	NAN	NAN	NAN	NAN	NAN	NAN	NAN	NAN	-0.10345712	-0.99463381	-0.00044721	-0.00004627	-0.00044481	0.99999990	185.93828269	0.02562345	NAN	NAN	NORMAL	NAN	NAN	NAN	NAN	NAN	NAN	11.19488745	9.42166398	-4.69214021	5.57504861	-5.83237383	1.59018592	-10.55838767	-8.85997527	4.52075225	0.86602540	6.49681697	24296.73678724
ANG_033	32	0.67894420	-0.57370108	0.45815046	0.34994652	-0.29570132	-0.88887466	0.64542405	0.76382445	0.00000000	0.02783294	0.03451003	0.99901671	0.62716608	0.77762272	0.04433525	-0.77532808	0.62531542	-0.00000000	87.00000000	N	177.14101715	NAN	PITCH	SINISTRAL	NAN	XXA		ANG002	0.00000000	0.00000000		STRIAE	115.00000000	68.00000000	NAN	NAN	130.19747670	62.73217572	218.88677288	2.54105588	30.00000000		STRIAE	0.00 0.00 0.00	   	NAN	NAN	NAN	NAN	NAN	NAN	NAN	NAN	NAN	NAN	NAN	NAN	-0.10345712	-0.99463381	-0.00044721	-0.00004627	-0.00044481	0.99999990	185.93828269	0.02562345	NAN	NAN	NORMAL	NAN	NAN	NAN	NAN	NAN	NAN	10.39660182	7.64080050	-5.83907958	5.26060365	-4.44515764	3.54984692	-9.85346006	-6.96735948	5.87747504	0.86602540	30.49464119	20805.33493922
ANG_034	33	-0.40540010	0.90333930	0.14010305	-0.05736357	0.12782130	-0.99013693	-0.91233775	-0.40943842	0.00000000	-0.24880792	-0.12414364	0.96056389	-0.85951387	-0.42885766	0.27805939	0.37742587	-0.75643460	-0.00000000	85.00000000	E	163.69029835	NAN	PITCH	SINISTRAL	NAN	XXA		ANG002	0.00000000	0.00000000		STRIAE	161.00000000	48.00000000	NAN	NAN	335.83043780	81.94619053	63.48292598	16.14441687	30.00000000		STRIAE	0.00 0.00 0.00	   	NAN	NAN	NAN	NAN	NAN	NAN	NAN	NAN	NAN	NAN	NAN	NAN	-0.10345712	-0.99463381	-0.00044721	-0.00004627	-0.00044481	0.99999990	185.93828269	0.02562345	NAN	NAN	NORMAL	NAN	NAN	NAN	NAN	NAN	NAN	-14.75624975	-7.32857841	4.55384634	-0.02973998	0.06626860	0.01027790	14.01188891	6.95717679	-4.31303984	0.86602540	0.70138270	30407.61289439
ANG_035	34	-0.92894530	0.02831013	0.36913299	-0.36896169	0.01124432	-0.92937658	-0.03046142	-0.99953594	0.00000000	-0.00000659	0.07668326	0.99705550	-0.00008563	0.99705550	-0.07668326	-1.00000000	-0.00008588	-0.00000000	88.00000000	W	175.26712024	NAN	PITCH	DEXTRAL	NAN	XXA		ANG002	0.00000000	0.00000000		STRIAE	340.00000000	69.00000000	NAN	NAN	271.74558100	68.33784336	359.99507924	4.39794444	30.00000000		STRIAE	0.00 0.00 0.00	   	NAN	NAN	NAN	NAN	NAN	NAN	NAN	NAN	NAN	NAN	NAN	NAN	-0.10345712	-0.99463381	-0.00044721	-0.00004627	-0.00044481	0.99999990	185.93828269	0.02562345	NAN	NAN	NORMAL	NAN	NAN	NAN	NAN	NAN	NAN	-1.66655125	11.11754738	-5.04662068	-10.64885843	0.32452998	4.23151394	1.66647709	-10.25407199	4.98021103	0.86602540	21.41338856	15325.83682066
ANG_036	35	0.88452133	0.15802368	0.43891974	0.43207849	0.07719275	-0.89852627	-0.17586984	0.98441343	0.00000000	0.01476518	-0.21598126	0.97628586	0.06658667	-0.97401247	0.21648537	0.90415782	0.06181118	-0.00000000	80.00000000	N	13.94166207	NAN	PITCH	DEXTRAL	NAN	XXA		ANG002	0.00000000	0.00000000		STRIAE	287.00000000	68.00000000	NAN	NAN	79.87071834	63.96502337	356.08915863	12.50268544	30.00000000		STRIAE	0.00 0.00 0.00	   	NAN	NAN	NAN	NAN	NAN	NAN	NAN	NAN	NAN	NAN	NAN	NAN	-0.10345712	-0.99463381	-0.00044721	-0.00004627	-0.00044481	0.99999990	185.93828269	0.02562345	NAN	NAN	NORMAL	NAN	NAN	NAN	NAN	NAN	NAN	2.81763925	-10.45076460	-1.91559800	7.86062330	1.40433537	3.90062131	-2.75997351	9.60724505	2.10307983	0.86602540	25.12509734	12048.09415231
ANG_037	36	-0.69412673	0.02418583	0.71944640	-0.71901007	0.02505285	-0.69454797	-0.03482240	-0.99939352	0.00000000	-0.01567372	0.13913581	0.99014926	-0.11083975	0.98392587	-0.14001585	-0.99371469	-0.11194247	-0.00000000	72.00000000	W	168.36988447	NAN	PITCH	DEXTRAL	NAN	XXA		ANG002	0.00000000	0.00000000		STRIAE	6.00000000	70.00000000	NAN	NAN	271.99558017	43.99120689	353.57269740	8.04876345	30.00000000		STRIAE	0.00 0.00 0.00	   	NAN	NAN	NAN	NAN	NAN	NAN	NAN	NAN	NAN	NAN	NAN	NAN	-0.10345712	-0.99463381	-0.00044721	-0.00004627	-0.00044481	0.99999990	185.93828269	0.02562345	NAN	NAN	NORMAL	NAN	NAN	NAN	NAN	NAN	NAN	-4.58263398	10.81604245	-4.78496204	-4.14606507	0.14446356	4.29730112	4.48664394	-9.96393765	4.66370475	0.86602540	21.26831512	16299.77235908
ANG_038	37	-0.76959818	0.05456577	0.63619275	-0.63459967	0.04499415	-0.77153016	-0.07072409	-0.99749592	0.00000000	0.00541623	0.04854230	0.99880644	0.11075704	0.99264656	0.04884353	-0.98909080	0.11036030	-0.00000000	89.00000000	E	3.62967135	NAN	PITCH	DEXTRAL	NAN	XXA		ANG002	0.00000000	0.00000000		STRIAE	359.00000000	71.00000000	NAN	NAN	274.05557736	50.49149543	186.36658789	2.79964213	30.00000000		STRIAE	0.00 0.00 0.00	   	NAN	NAN	NAN	NAN	NAN	NAN	NAN	NAN	NAN	NAN	NAN	NAN	-0.10345712	-0.99463381	-0.00044721	-0.00004627	-0.00044481	0.99999990	185.93828269	0.02562345	NAN	NAN	NORMAL	NAN	NAN	NAN	NAN	NAN	NAN	-3.89135986	10.43753700	-5.60257200	-6.26280485	0.44404307	5.17718351	3.98727827	-9.57787986	5.64487174	0.86602540	39.24775278	16107.92789140
ANG_039	38	-0.00546643	0.00663131	0.99996307	-0.63605473	0.77159608	-0.00859396	-0.77162458	-0.63607822	0.00000000	NAN	NAN	NAN	NAN	NAN	NAN	NAN	NAN	NAN	NAN	NONE	NAN	NAN	NONE	NORMAL	NAN	XXX		ANG002	0.00000000	0.00000000		BEDDING	50.00000000	80.00000000	NAN	NAN	320.49999969	0.49240369	NAN	NAN	0.00000000		PLANE	0.00 0.00 0.00	   	NAN	NAN	NAN	NAN	NAN	NAN	NAN	NAN	NAN	-0.10345712	-0.99463381	-0.00044721	-0.10345712	-0.99463381	-0.00044721	-0.00004627	-0.00044481	0.99999990	185.93828269	0.02562345	185.93828269	0.02562345	NORMAL	NAN	NAN	NAN	NAN	NAN	NAN	NAN	NAN	NAN	NAN	NAN	NAN	NAN	NAN	NAN	NAN	NAN	NAN
ANG_040	39	0.00546643	-0.00663131	0.99996307	0.63605473	-0.77159609	-0.00859396	0.77162459	0.63607822	0.00000000	NAN	NAN	NAN	NAN	NAN	NAN	NAN	NAN	NAN	NAN	NONE	NAN	NAN	NONE	NORMAL	NAN	XXX		ANG002	0.00000000	0.00000000		BEDDING	51.00000000	80.00000000	NAN	NAN	140.50000029	0.49240369	NAN	NAN	0.00000000		PLANE	0.00 0.00 0.00	   	NAN	NAN	NAN	NAN	NAN	NAN	NAN	NAN	NAN	-0.10345712	-0.99463381	-0.00044721	-0.10345712	-0.99463381	-0.00044721	-0.00004627	-0.00044481	0.99999990	185.93828269	0.02562345	185.93828269	0.02562345	NORMAL	NAN	NAN	NAN	NAN	NAN	NAN	NAN	NAN	NAN	NAN	NAN	NAN	NAN	NAN	NAN	NAN	NAN	NAN
