NAME_ID s	iID i	N.X d	N.Y d	N.Z d	D.X d	D.Y d	D.Z d	S.X d	S.Y d	S.Z d	NC.X d	NC.Y d	NC.Z d	DC.X d	DC.Y d	DC.Z d	SC.X d	SC.Y d	SC.Z d	LPITCH  d	LPITCHSENSE s	PITCHANGLE  d	MISFIT d	LINEATION s	OFFSET s	DEPTH d	GC s	COLOR s	LOC s	LOCX d	LOCY d	FORMATION s	DATATYPE s	DIPDIR d	DIP d	LDIR d	LDIP d	corr.DIPDIR d	corr.DIP d	corrL.DIPDIR d	corrL.DIP d	PALEON d	COMMENT s	DATAGROUP s	PSCOLOR s	DASHED s	ptnP.X d	ptnP.Y d	ptnP.Z d	ptnT.X d	ptnT.Y d	ptnT.Z d	ptnN.X d	ptnN.Y d	ptnN.Z d	ptnPd.DIPDIR d	ptnPd.DIP d	ptnTd.DIPDIR d	ptnTd.DIP d	ptnNd.DIPDIR d	ptnNd.DIP d	avD.X d	avD.Y d	avD.Z d	avS0D.X d	avS0D.Y d	avS0D.Z d	avS0N.X d	avS0N.Y d	avS0N.Z d	avS0d.DIPDIR d	avS0d.DIP d	avd.DIPDIR d	avd.DIP d	avS0offset s	fold_great_circle_N.X d	fold_great_circle_N.Y d	fold_great_circle_N.Z d	SHEAR_S.X d	SHEAR_S.Y d	SHEAR_S.Z d	NORMAL_S.X d	NORMAL_S.Y d	NORMAL_S.Z d	UPSILON.X d	UPSILON.Y d	UPSILON.Z d	lambda d	ANG d	RUP d
BZ0066	0	0.79859272	0.53110831	0.28314948	0.23576981	0.15679996	-0.95907579	-0.55377095	0.83266904	0.00000000	NAN	NAN	NAN	NAN	NAN	NAN	NAN	NAN	NAN	NAN	NONE	NAN	NAN	NONE	NONE	NAN	XXX		230	0.00000000	0.00000000	LOWERFARS	PLANE	145.00000000	82.00000000	NAN	NAN	56.37389759	73.55173408	NAN	NAN	43.00000000		PLANE	0.00 0.00 0.00	   	NAN	NAN	NAN	NAN	NAN	NAN	NAN	NAN	NAN	NAN	NAN	NAN	NAN	NAN	NAN	0.23576981	0.15679996	-0.95907579	-0.97482388	-0.22297619	0.00016748	-0.00016327	-0.00003734	0.99999999	77.11610062	0.00959602	56.37389759	73.55173408	OVERTURNED	NAN	NAN	NAN	NAN	NAN	NAN	NAN	NAN	NAN	NAN	NAN	NAN	NAN	NAN	NAN
BZ0124	1	-0.27814663	0.41421699	0.86663645	-0.48312811	0.71947618	-0.49894014	-0.83019376	-0.55747495	0.00000000	NAN	NAN	NAN	NAN	NAN	NAN	NAN	NAN	NAN	NAN	NONE	NAN	NAN	NONE	NONE	NAN	XXX		230	0.00000000	0.00000000	LOWERFARS	LINEATION	120.00000000	72.00000000	NAN	NAN	326.11864739	29.92990476	NAN	NAN	43.00000000		LINEATION	0.00 0.00 0.00	   	NAN	NAN	NAN	NAN	NAN	NAN	NAN	NAN	NAN	NAN	NAN	NAN	NAN	NAN	NAN	-0.48312811	0.71947618	-0.49894014	-0.97482388	-0.22297619	0.00016748	-0.00016327	-0.00003734	0.99999999	77.11610062	0.00959602	326.11864739	29.92990476	OVERTURNED	NAN	NAN	NAN	NAN	NAN	NAN	NAN	NAN	NAN	NAN	NAN	NAN	NAN	NAN	NAN
BZ0125	2	NAN	NAN	NAN	NAN	NAN	NAN	NAN	NAN	NAN	NAN	NAN	NAN	NAN	NAN	NAN	NAN	NAN	NAN	NAN	NONE	NAN	NAN	NONE	NONE	NAN	XXX		230	0.00000000	0.00000000	LOWERFARS	LITHOLOGY	NAN	NAN	NAN	NAN	NAN	NAN	NAN	NAN	43.00000000		LITHOLOGY	0.00 0.00 0.00	   	NAN	NAN	NAN	NAN	NAN	NAN	NAN	NAN	NAN	NAN	NAN	NAN	NAN	NAN	NAN	NAN	NAN	NAN	-0.97482388	-0.22297619	0.00016748	-0.00016327	-0.00003734	0.99999999	77.11610062	0.00959602	NAN	NAN	OVERTURNED	NAN	NAN	NAN	NAN	NAN	NAN	NAN	NAN	NAN	NAN	NAN	NAN	NAN	NAN	NAN
BZ0126	3	-0.43405399	0.09401607	0.89596769	-0.87566205	0.18966835	-0.44411923	-0.21169106	-0.97733663	0.00000000	-0.32277882	0.10794188	0.94029909	-0.89175641	0.29821619	-0.34034925	-0.31715035	-0.94837527	0.00000000	NAN	NONE	NAN	NAN	SC	NONE	NAN	XXX		230	0.00000000	0.00000000	LOWERFARS	SC	55.00000000	72.00000000	48.00000000	70.00000000	282.22147132	26.36700112	288.49067732	19.89815388	43.00000000		SC	0.00 0.00 0.00	   	NAN	NAN	NAN	NAN	NAN	NAN	NAN	NAN	NAN	NAN	NAN	NAN	NAN	NAN	NAN	NAN	NAN	NAN	-0.97482388	-0.22297619	0.00016748	-0.00016327	-0.00003734	0.99999999	77.11610062	0.00959602	NAN	NAN	OVERTURNED	NAN	NAN	NAN	NAN	NAN	NAN	NAN	NAN	NAN	NAN	NAN	NAN	NAN	NAN	NAN
BZ0127	4	-0.02048813	0.23706393	0.97127799	-0.08363047	0.96767085	-0.23794762	-0.99628619	-0.08610354	0.00000000	-0.04674466	0.23185681	0.97162614	-0.19202585	0.95246178	-0.23652197	-0.98027599	-0.19763347	0.00000000	NAN	NONE	83.72489837	1.97444300	LINEATION	NORMAL	NAN	XXX		230	0.00000000	0.00000000	LOWERFARS	STRIAE	28.00000000	72.00000000	25.00000000	70.00000000	355.06051421	13.76543878	348.60139524	13.68135453	43.00000000		STRIAE	0.00 0.00 0.00	   	NAN	NAN	NAN	NAN	NAN	NAN	NAN	NAN	NAN	NAN	NAN	NAN	NAN	NAN	NAN	NAN	NAN	NAN	-0.97482388	-0.22297619	0.00016748	-0.00016327	-0.00003734	0.99999999	77.11610062	0.00959602	NAN	NAN	OVERTURNED	NAN	NAN	NAN	NAN	NAN	NAN	NAN	NAN	NAN	NAN	NAN	NAN	0.86602540	NAN	NAN
BZ600X	5	0.14416292	0.03779280	0.98883202	0.95651030	0.25075246	-0.14903437	-0.25358449	0.96731324	0.00000000	NAN	NAN	NAN	NAN	NAN	NAN	NAN	NAN	NAN	NAN	NONE	NAN	NAN	NONE		NAN	XXX		230	0.00000000	0.00000000	LOWERFARS	BEDDING	20.00000000	59.00000000	NAN	NAN	75.31027456	8.57097121	NAN	NAN	43.00000000		PLANE	0.00 0.00 0.00	   	NAN	NAN	NAN	NAN	NAN	NAN	NAN	NAN	NAN	NAN	NAN	NAN	NAN	NAN	NAN	-0.97482388	-0.22297619	0.00016748	-0.97482388	-0.22297619	0.00016748	-0.00016327	-0.00003734	0.99999999	77.11610062	0.00959602	77.11610062	0.00959602	OVERTURNED	NAN	NAN	NAN	NAN	NAN	NAN	NAN	NAN	NAN	NAN	NAN	NAN	NAN	NAN	NAN
BZ6005	6	-0.14046427	-0.04568834	0.98903102	-0.94052846	-0.30592251	-0.14770794	0.30931538	-0.95095951	0.00000000	NAN	NAN	NAN	NAN	NAN	NAN	NAN	NAN	NAN	NAN	NONE	NAN	NAN	NONE		NAN	XXX		230	0.00000000	0.00000000	LOWERFARS	BEDDING	40.00000000	58.00000000	NAN	NAN	251.98202288	8.49412173	NAN	NAN	43.00000000		PLANE	0.00 0.00 0.00	   	NAN	NAN	NAN	NAN	NAN	NAN	NAN	NAN	NAN	NAN	NAN	NAN	NAN	NAN	NAN	-0.97482388	-0.22297619	0.00016748	-0.97482388	-0.22297619	0.00016748	-0.00016327	-0.00003734	0.99999999	77.11610062	0.00959602	77.11610062	0.00959602	OVERTURNED	NAN	NAN	NAN	NAN	NAN	NAN	NAN	NAN	NAN	NAN	NAN	NAN	NAN	NAN	NAN
BZ600X1	7	0.13449222	0.00119407	0.99091393	0.99087488	0.00879735	-0.13449753	-0.00887801	0.99996059	0.00000000	NAN	NAN	NAN	NAN	NAN	NAN	NAN	NAN	NAN	NAN	NONE	NAN	NAN	NONE		NAN	XXX		230	0.00000000	0.00000000	LOWERFARS	BEDDING	21.00000000	57.00000000	NAN	NAN	89.49132060	7.72956524	NAN	NAN	43.00000000		PLANE	0.00 0.00 0.00	   	NAN	NAN	NAN	NAN	NAN	NAN	NAN	NAN	NAN	NAN	NAN	NAN	NAN	NAN	NAN	-0.97482388	-0.22297619	0.00016748	-0.97482388	-0.22297619	0.00016748	-0.00016327	-0.00003734	0.99999999	77.11610062	0.00959602	77.11610062	0.00959602	OVERTURNED	NAN	NAN	NAN	NAN	NAN	NAN	NAN	NAN	NAN	NAN	NAN	NAN	NAN	NAN	NAN
BZ60052	8	-0.12652742	-0.04115871	0.99110886	-0.94249658	-0.30658927	-0.13305347	0.30933965	-0.95095162	0.00000000	NAN	NAN	NAN	NAN	NAN	NAN	NAN	NAN	NAN	NAN	NONE	NAN	NAN	NONE		NAN	XXX		230	0.00000000	0.00000000	LOWERFARS	BEDDING	39.00000000	58.00000000	NAN	NAN	251.98056086	7.64607668	NAN	NAN	43.00000000		PLANE	0.00 0.00 0.00	   	NAN	NAN	NAN	NAN	NAN	NAN	NAN	NAN	NAN	NAN	NAN	NAN	NAN	NAN	NAN	-0.97482388	-0.22297619	0.00016748	-0.97482388	-0.22297619	0.00016748	-0.00016327	-0.00003734	0.99999999	77.11610062	0.00959602	77.11610062	0.00959602	OVERTURNED	NAN	NAN	NAN	NAN	NAN	NAN	NAN	NAN	NAN	NAN	NAN	NAN	NAN	NAN	NAN
