NAME_ID s	iID i	N.X d	N.Y d	N.Z d	D.X d	D.Y d	D.Z d	S.X d	S.Y d	S.Z d	NC.X d	NC.Y d	NC.Z d	DC.X d	DC.Y d	DC.Z d	SC.X d	SC.Y d	SC.Z d	LPITCH  d	LPITCHSENSE s	PITCHANGLE  d	MISFIT d	LINEATION s	OFFSET s	DEPTH d	GC s	COLOR s	LOC s	LOCX d	LOCY d	FORMATION s	DATATYPE s	DIPDIR d	DIP d	LDIR d	LDIP d	corr.DIPDIR d	corr.DIP d	corrL.DIPDIR d	corrL.DIP d	PALEON d	COMMENT s	DATAGROUP s	PSCOLOR s	DASHED s	ptnP.X d	ptnP.Y d	ptnP.Z d	ptnT.X d	ptnT.Y d	ptnT.Z d	ptnN.X d	ptnN.Y d	ptnN.Z d	avD.X d	avD.Y d	avD.Z d	avS0D.X d	avS0D.Y d	avS0D.Z d	avS0N.X d	avS0N.Y d	avS0N.Z d	avS0d.DIPDIR d	avS0d.DIP d	avd.DIPDIR d	avd.DIP d	avS0offset s	fold_great_circle_N.X d	fold_great_circle_N.Y d	fold_great_circle_N.Z d	SHEAR_S.X d	SHEAR_S.Y d	SHEAR_S.Z d	NORMAL_S.X d	NORMAL_S.Y d	NORMAL_S.Z d	UPSILON.X d	UPSILON.Y d	UPSILON.Z d	lambda d	ANG d	RUP d
BZ0066	0	-0.95131100	0.13089063	0.27906096	-0.27645644	0.03803757	-0.96027339	-0.13630558	-0.99066684	0.00000000	NAN	NAN	NAN	NAN	NAN	NAN	NAN	NAN	NAN	NAN	NONE	NAN	NAN	NONE	NONE	NAN	XXX		230	0.00000000	0.00000000	LOWERFARS	PLANE	145.00000000	82.00000000	NAN	NAN	277.83412228	73.79583221	NAN	NAN	43.00000000		PLANE	0.00 0.00 0.00	   	NAN	NAN	NAN	NAN	NAN	NAN	NAN	NAN	NAN	-0.27645644	0.03803757	-0.96027339	0.80063263	-0.59915540	-0.00044721	0.00035805	-0.00026795	0.99999990	126.80943565	0.02562345	277.83412228	73.79583221	NORMAL	NAN	NAN	NAN	NAN	NAN	NAN	NAN	NAN	NAN	NAN	NAN	NAN	NAN	NAN	NAN
BZ0124	1	0.07116929	0.50401966	0.86075497	0.12034769	0.85230015	-0.50901953	-0.99017744	0.13981643	-0.00000000	NAN	NAN	NAN	NAN	NAN	NAN	NAN	NAN	NAN	NAN	NONE	NAN	NAN	NONE	NONE	NAN	XXX		230	0.00000000	0.00000000	LOWERFARS	LINEATION	120.00000000	72.00000000	NAN	NAN	8.03722390	30.59854314	NAN	NAN	43.00000000		LINEATION	0.00 0.00 0.00	   	NAN	NAN	NAN	NAN	NAN	NAN	NAN	NAN	NAN	0.12034769	0.85230015	-0.50901953	0.80063263	-0.59915540	-0.00044721	0.00035805	-0.00026795	0.99999990	126.80943565	0.02562345	8.03722390	30.59854314	NORMAL	NAN	NAN	NAN	NAN	NAN	NAN	NAN	NAN	NAN	NAN	NAN	NAN	NAN	NAN	NAN
BZ0125	2	NAN	NAN	NAN	NAN	NAN	NAN	NAN	NAN	NAN	NAN	NAN	NAN	NAN	NAN	NAN	NAN	NAN	NAN	NAN	NONE	NAN	NAN	NONE	NONE	NAN	XXX		230	0.00000000	0.00000000	LOWERFARS	LITHOLOGY	NAN	NAN	NAN	NAN	NAN	NAN	NAN	NAN	43.00000000		LITHOLOGY	0.00 0.00 0.00	   	NAN	NAN	NAN	NAN	NAN	NAN	NAN	NAN	NAN	NAN	NAN	NAN	0.80063263	-0.59915540	-0.00044721	0.00035805	-0.00026795	0.99999990	126.80943565	0.02562345	NAN	NAN	NORMAL	NAN	NAN	NAN	NAN	NAN	NAN	NAN	NAN	NAN	NAN	NAN	NAN	NAN	NAN	NAN
BZ0126	3	0.34659862	0.28558029	0.89348380	0.68956447	0.56816735	-0.44909543	-0.63590113	0.77177053	0.00000000	0.24035535	0.24987866	0.93797119	0.65023888	0.67600249	-0.34671320	-0.72070709	0.69323971	-0.00000000	NAN	NONE	NAN	NAN	SC	NONE	NAN	XXX		230	0.00000000	0.00000000	LOWERFARS	SC	55.00000000	72.00000000	48.00000000	70.00000000	50.51314865	26.68566246	43.88711008	20.28641078	43.00000000		SC	0.00 0.00 0.00	   	NAN	NAN	NAN	NAN	NAN	NAN	NAN	NAN	NAN	NAN	NAN	NAN	0.80063263	-0.59915540	-0.00044721	0.00035805	-0.00026795	0.99999990	126.80943565	0.02562345	NAN	NAN	NORMAL	NAN	NAN	NAN	NAN	NAN	NAN	NAN	NAN	NAN	NAN	NAN	NAN	NAN	NAN	NAN
BZ0127	4	-0.08802965	0.23385775	0.96827751	-0.34111592	0.90620156	-0.24987730	-0.93589033	-0.35229149	0.00000000	-0.06264545	0.24055680	0.96861136	-0.24410285	0.93734827	-0.24858002	-0.96772380	-0.25201320	-0.00000000	NAN	NONE	95.84089207	1.97444299	LINEATION	NORMAL	NAN	XXX		230	0.00000000	0.00000000	LOWERFARS	STRIAE	28.00000000	72.00000000	25.00000000	70.00000000	339.37246306	14.47025157	345.40332496	14.39350100	43.00000000		STRIAE	0.00 0.00 0.00	   	NAN	NAN	NAN	NAN	NAN	NAN	NAN	NAN	NAN	NAN	NAN	NAN	0.80063263	-0.59915540	-0.00044721	0.00035805	-0.00026795	0.99999990	126.80943565	0.02562345	NAN	NAN	NORMAL	NAN	NAN	NAN	NAN	NAN	NAN	NAN	NAN	NAN	NAN	NAN	NAN	0.86602540	NAN	NAN
BZ600X	5	-0.14876472	-0.01718072	0.98872336	-0.98219492	-0.11343291	-0.14975353	0.11472665	-0.99339710	0.00000000	NAN	NAN	NAN	NAN	NAN	NAN	NAN	NAN	NAN	NAN	NONE	NAN	NAN	NONE	NORMAL	NAN	XXX		230	0.00000000	0.00000000	LOWERFARS	BEDDING	20.00000000	59.00000000	NAN	NAN	263.41214139	8.61264326	NAN	NAN	43.00000000		PLANE	0.00 0.00 0.00	   	NAN	NAN	NAN	NAN	NAN	NAN	NAN	NAN	NAN	0.80063263	-0.59915540	-0.00044721	0.80063263	-0.59915540	-0.00044721	0.00035805	-0.00026795	0.99999990	126.80943565	0.02562345	126.80943565	0.02562345	NORMAL	NAN	NAN	NAN	NAN	NAN	NAN	NAN	NAN	NAN	NAN	NAN	NAN	NAN	NAN	NAN
BZ6005	6	0.14366178	0.03250213	0.98909297	0.96471177	0.21825696	-0.14729255	-0.22066375	0.97534994	0.00000000	NAN	NAN	NAN	NAN	NAN	NAN	NAN	NAN	NAN	NAN	NONE	NAN	NAN	NONE	NORMAL	NAN	XXX		230	0.00000000	0.00000000	LOWERFARS	BEDDING	40.00000000	58.00000000	NAN	NAN	77.25197883	8.47005858	NAN	NAN	43.00000000		PLANE	0.00 0.00 0.00	   	NAN	NAN	NAN	NAN	NAN	NAN	NAN	NAN	NAN	0.80063263	-0.59915540	-0.00044721	0.80063263	-0.59915540	-0.00044721	0.00035805	-0.00026795	0.99999990	126.80943565	0.02562345	126.80943565	0.02562345	NORMAL	NAN	NAN	NAN	NAN	NAN	NAN	NAN	NAN	NAN	NAN	NAN	NAN	NAN	NAN	NAN
BZ600X1	7	-0.12404092	-0.04581340	0.99121894	-0.92982569	-0.34342273	-0.13223093	0.34646506	-0.93806288	0.00000000	NAN	NAN	NAN	NAN	NAN	NAN	NAN	NAN	NAN	NAN	NONE	NAN	NAN	NONE	NORMAL	NAN	XXX		230	0.00000000	0.00000000	LOWERFARS	BEDDING	21.00000000	57.00000000	NAN	NAN	249.72874564	7.59852815	NAN	NAN	43.00000000		PLANE	0.00 0.00 0.00	   	NAN	NAN	NAN	NAN	NAN	NAN	NAN	NAN	NAN	0.80063263	-0.59915540	-0.00044721	0.80063263	-0.59915540	-0.00044721	0.00035805	-0.00026795	0.99999990	126.80943565	0.02562345	126.80943565	0.02562345	NORMAL	NAN	NAN	NAN	NAN	NAN	NAN	NAN	NAN	NAN	NAN	NAN	NAN	NAN	NAN	NAN
BZ60052	8	0.12914386	0.03049199	0.99115695	0.96463372	0.22775842	-0.13269475	-0.22979046	0.97324013	0.00000000	NAN	NAN	NAN	NAN	NAN	NAN	NAN	NAN	NAN	NAN	NONE	NAN	NAN	NONE	NORMAL	NAN	XXX		230	0.00000000	0.00000000	LOWERFARS	BEDDING	39.00000000	58.00000000	NAN	NAN	76.71526421	7.62533962	NAN	NAN	43.00000000		PLANE	0.00 0.00 0.00	   	NAN	NAN	NAN	NAN	NAN	NAN	NAN	NAN	NAN	0.80063263	-0.59915540	-0.00044721	0.80063263	-0.59915540	-0.00044721	0.00035805	-0.00026795	0.99999990	126.80943565	0.02562345	126.80943565	0.02562345	NORMAL	NAN	NAN	NAN	NAN	NAN	NAN	NAN	NAN	NAN	NAN	NAN	NAN	NAN	NAN	NAN
